0 0.5711987 1.142397 1.713596 2.284795 2.855993 3.427192 3.998391 4.569589 5.140788 5.711987 6.283185 9.912095
9.824729 9.954636 10.12071 10.13413 9.935142 9.774672 9.835376 10.05216 10.19926 10.12421 9.912095 12.86465 12.70385
12.83647 13.08666 13.1754 12.94321 12.67877 12.68037 12.94555 13.19 13.1438 12.86465 15.02977 14.79162 14.92195
15.26818 15.43656 15.18903 14.83605 14.77848 15.07615 15.4058 15.37799 15.02977 16.54696 16.22991 16.34172 16.76338
17.01322 16.76771 16.33949 16.22063 16.53476 16.94241 16.9492 16.54696 17.52701 17.10792 17.11567 17.56468 17.93111
17.77929 17.29243 17.00439 17.32454 17.79611 17.93199 17.52701 17.55842 17.11832 17.12607 17.57535 17.942 17.79009
17.31902 17.01472 17.33507 17.80692 17.94289 17.55842 17.55842 17.11832 17.12607 17.57535 17.942 17.79009 17.31902
17.01472 17.33507 17.80692 17.94289 17.55842 17.55842 17.11832 17.12607 17.57535 17.942 17.79009 17.31902 17.01472
17.33507 17.80692 17.94289 17.55842 16.75911 16.34231 16.25751 16.59187 16.98429 16.94847 16.53107 16.23817 16.38495
16.81809 17.03431 16.75911 15.28507 14.93572 14.80778 15.01114 15.3524 15.37906 15.05181 14.77188 14.84817 15.20333
15.44896 15.28507 13.16306 12.89786 12.7267 12.75792 13.02539 13.10429 12.8776 12.62592 12.63473 12.9045 13.19637
13.16306 10.25103 10.06905 9.866397 9.737699 9.914155 10.02785 9.906306 9.69928 9.645929 9.822391 10.1619 10.25103
