1 -4.004896 -8.767728 -5 1.717022
1 -2.404896 -8.767728 -5 2.142477
1 -0.804896 -8.767728 -5 2.131968
1 0.795104 -8.767728 -5 1.900043
1 2.395104 -8.767728 -5 1.80413
1 3.995104 -8.767728 -5 1.906091
1 -5.604896 -7.167728 -5 1.95275
1 -4.004896 -7.167728 -5 1.819869
1 -2.404896 -7.167728 -5 2.642807
1 -0.804896 -7.167728 -5 2.880288
1 0.795104 -7.167728 -5 2.293383
1 2.395104 -7.167728 -5 2.023517
1 3.995104 -7.167728 -5 2.244639
1 5.595104 -7.167728 -5 1.833707
1 -7.204896 -5.567728 -5 2.233859
1 -5.604896 -5.567728 -5 2.228759
1 -4.004896 -5.567728 -5 3.036299
1 -2.404896 -5.567728 -5 2.853959
1 -0.804896 -5.567728 -5 2.694254
1 0.795104 -5.567728 -5 3.024422
1 2.395104 -5.567728 -5 2.501557
1 3.995104 -5.567728 -5 2.179738
1 5.595104 -5.567728 -5 2.263307
1 7.195104 -5.567728 -5 1.756648
1 -8.804896 -3.967728 -5 2.026372
1 -7.204896 -3.967728 -5 1.721318
1 -5.604896 -3.967728 -5 2.641633
1 -4.004896 -3.967728 -5 2.954978
1 -2.404896 -3.967728 -5 3.452312
1 -0.804896 -3.967728 -5 3.29528
1 0.795104 -3.967728 -5 3.46383
1 2.395104 -3.967728 -5 3.253311
1 3.995104 -3.967728 -5 2.736111
1 5.595104 -3.967728 -5 2.795113
1 7.195104 -3.967728 -5 2.39231
1 8.795104 -3.967728 -5 1.906904
1 -8.804896 -2.367728 -5 1.561317
1 -7.204896 -2.367728 -5 2.166201
1 -5.604896 -2.367728 -5 2.57999
1 -4.004896 -2.367728 -5 3.197066
1 -2.404896 -2.367728 -5 3.35441
1 -0.804896 -2.367728 -5 3.871287
1 0.795104 -2.367728 -5 3.668134
1 2.395104 -2.367728 -5 4.023962
1 3.995104 -2.367728 -5 3.365714
1 5.595104 -2.367728 -5 2.962625
1 7.195104 -2.367728 -5 2.380597
1 8.795104 -2.367728 -5 2.288015
1 -8.804896 -0.7677282 -5 1.889328
1 -7.204896 -0.7677282 -5 2.286986
1 -5.604896 -0.7677282 -5 2.791742
1 -4.004896 -0.7677282 -5 3.301547
1 -2.404896 -0.7677282 -5 3.955327
1 -0.804896 -0.7677282 -5 4.120367
1 0.795104 -0.7677282 -5 4.03821
1 2.395104 -0.7677282 -5 4.16754
1 3.995104 -0.7677282 -5 3.317681
1 5.595104 -0.7677282 -5 2.826852
1 7.195104 -0.7677282 -5 2.36014
1 8.795104 -0.7677282 -5 2.11934
1 -8.804896 0.8322718 -5 1.956214
1 -7.204896 0.8322718 -5 2.237964
1 -5.604896 0.8322718 -5 3.004615
1 -4.004896 0.8322718 -5 2.991727
1 -2.404896 0.8322718 -5 3.90842
1 -0.804896 0.8322718 -5 3.780587
1 0.795104 0.8322718 -5 4.089455
1 2.395104 0.8322718 -5 3.69971
1 3.995104 0.8322718 -5 3.208302
1 5.595104 0.8322718 -5 2.857516
1 7.195104 0.8322718 -5 1.906598
1 8.795104 0.8322718 -5 2.235319
1 -8.804896 2.432272 -5 2.389262
1 -7.204896 2.432272 -5 2.2889
1 -5.604896 2.432272 -5 2.413506
1 -4.004896 2.432272 -5 2.776385
1 -2.404896 2.432272 -5 3.694687
1 -0.804896 2.432272 -5 3.82714
1 0.795104 2.432272 -5 3.752263
1 2.395104 2.432272 -5 3.3498
1 3.995104 2.432272 -5 2.814672
1 5.595104 2.432272 -5 2.466283
1 7.195104 2.432272 -5 2.534558
1 8.795104 2.432272 -5 1.712154
1 -8.804896 4.032272 -5 1.996471
1 -7.204896 4.032272 -5 2.323815
1 -5.604896 4.032272 -5 2.338336
1 -4.004896 4.032272 -5 3.423266
1 -2.404896 4.032272 -5 3.12278
1 -0.804896 4.032272 -5 3.015202
1 0.795104 4.032272 -5 3.335226
1 2.395104 4.032272 -5 3.238421
1 3.995104 4.032272 -5 3.448735
1 5.595104 4.032272 -5 2.519597
1 7.195104 4.032272 -5 2.216459
1 8.795104 4.032272 -5 1.712562
1 -7.204896 5.632272 -5 2.169448
1 -5.604896 5.632272 -5 1.882615
1 -4.004896 5.632272 -5 2.73912
1 -2.404896 5.632272 -5 2.790063
1 -0.804896 5.632272 -5 2.504928
1 0.795104 5.632272 -5 3.001996
1 2.395104 5.632272 -5 2.695393
1 3.995104 5.632272 -5 2.859293
1 5.595104 5.632272 -5 1.998925
1 7.195104 5.632272 -5 1.759918
1 -5.604896 7.232272 -5 2.22776
1 -4.004896 7.232272 -5 1.848248
1 -2.404896 7.232272 -5 2.387545
1 -0.804896 7.232272 -5 2.289919
1 0.795104 7.232272 -5 2.487538
1 2.395104 7.232272 -5 2.706769
1 3.995104 7.232272 -5 2.498857
1 5.595104 7.232272 -5 1.784744
1 -4.004896 8.832272 -5 1.389298
1 -2.404896 8.832272 -5 2.11443
1 -0.804896 8.832272 -5 2.32111
1 0.795104 8.832272 -5 1.863989
1 2.395104 8.832272 -5 1.554148
1 3.995104 8.832272 -5 1.892411
1 -3.986826 -11.97512 -4 2.035269
1 -2.386826 -11.97512 -4 2.168587
1 -0.7868256 -11.97512 -4 2.510277
1 0.8131744 -11.97512 -4 2.725831
1 2.413174 -11.97512 -4 2.307183
1 4.013174 -11.97512 -4 2.027032
1 -7.186826 -10.37512 -4 2.41513
1 -5.586826 -10.37512 -4 1.781815
1 -3.986826 -10.37512 -4 2.726292
1 -2.386826 -10.37512 -4 2.348009
1 -0.7868256 -10.37512 -4 2.978804
1 0.8131744 -10.37512 -4 2.848385
1 2.413174 -10.37512 -4 2.575188
1 4.013174 -10.37512 -4 2.872106
1 5.613174 -10.37512 -4 2.178788
1 7.213174 -10.37512 -4 1.987425
1 -8.786826 -8.775123 -4 2.087718
1 -7.186826 -8.775123 -4 2.570648
1 -5.586826 -8.775123 -4 2.809894
1 -3.986826 -8.775123 -4 2.62433
1 -2.386826 -8.775123 -4 3.595658
1 -0.7868256 -8.775123 -4 3.274904
1 0.8131744 -8.775123 -4 3.432692
1 2.413174 -8.775123 -4 3.389835
1 4.013174 -8.775123 -4 2.968253
1 5.613174 -8.775123 -4 2.672399
1 7.213174 -8.775123 -4 2.699974
1 8.813174 -8.775123 -4 1.923423
1 -10.38683 -7.175123 -4 2.510631
1 -8.786826 -7.175123 -4 2.497297
1 -7.186826 -7.175123 -4 2.965127
1 -5.586826 -7.175123 -4 2.894913
1 -3.986826 -7.175123 -4 3.513861
1 -2.386826 -7.175123 -4 3.902445
1 -0.7868256 -7.175123 -4 3.777374
1 0.8131744 -7.175123 -4 3.63907
1 2.413174 -7.175123 -4 3.477596
1 4.013174 -7.175123 -4 3.424129
1 5.613174 -7.175123 -4 3.418341
1 7.213174 -7.175123 -4 2.702328
1 8.813174 -7.175123 -4 2.446303
1 10.41317 -7.175123 -4 1.809043
1 -10.38683 -5.575123 -4 2.728356
1 -8.786826 -5.575123 -4 2.952529
1 -7.186826 -5.575123 -4 2.683603
1 -5.586826 -5.575123 -4 3.655636
1 -3.986826 -5.575123 -4 3.982615
1 -2.386826 -5.575123 -4 4.027962
1 -0.7868256 -5.575123 -4 4.29113
1 0.8131744 -5.575123 -4 4.032499
1 2.413174 -5.575123 -4 4.286119
1 4.013174 -5.575123 -4 3.786806
1 5.613174 -5.575123 -4 3.142858
1 7.213174 -5.575123 -4 3.059188
1 8.813174 -5.575123 -4 3.089962
1 10.41317 -5.575123 -4 2.270525
1 -11.98683 -3.975123 -4 2.369225
1 -10.38683 -3.975123 -4 2.542141
1 -8.786826 -3.975123 -4 2.892814
1 -7.186826 -3.975123 -4 3.300685
1 -5.586826 -3.975123 -4 4.053478
1 -3.986826 -3.975123 -4 3.982644
1 -2.386826 -3.975123 -4 4.591328
1 -0.7868256 -3.975123 -4 4.60541
1 0.8131744 -3.975123 -4 4.111563
1 2.413174 -3.975123 -4 4.177562
1 4.013174 -3.975123 -4 4.477513
1 5.613174 -3.975123 -4 3.820761
1 7.213174 -3.975123 -4 3.63393
1 8.813174 -3.975123 -4 3.452763
1 10.41317 -3.975123 -4 2.909512
1 12.01317 -3.975123 -4 2.301895
1 -11.98683 -2.375123 -4 2.33466
1 -10.38683 -2.375123 -4 2.628871
1 -8.786826 -2.375123 -4 3.545523
1 -7.186826 -2.375123 -4 3.7906
1 -5.586826 -2.375123 -4 3.822917
1 -3.986826 -2.375123 -4 4.490864
1 -2.386826 -2.375123 -4 4.348106
1 -0.7868256 -2.375123 -4 4.922625
1 0.8131744 -2.375123 -4 4.323358
1 2.413174 -2.375123 -4 5.156334
1 4.013174 -2.375123 -4 4.370889
1 5.613174 -2.375123 -4 4.008817
1 7.213174 -2.375123 -4 3.599212
1 8.813174 -2.375123 -4 3.304105
1 10.41317 -2.375123 -4 2.846655
1 12.01317 -2.375123 -4 2.381658
1 -11.98683 -0.7751226 -4 2.152788
1 -10.38683 -0.7751226 -4 2.40803
1 -8.786826 -0.7751226 -4 3.144112
1 -7.186826 -0.7751226 -4 3.822083
1 -5.586826 -0.7751226 -4 4.042738
1 -3.986826 -0.7751226 -4 4.660575
1 -2.386826 -0.7751226 -4 4.679524
1 -0.7868256 -0.7751226 -4 5.05709
1 0.8131744 -0.7751226 -4 5.091381
1 2.413174 -0.7751226 -4 4.934971
1 4.013174 -0.7751226 -4 4.636807
1 5.613174 -0.7751226 -4 4.689396
1 7.213174 -0.7751226 -4 3.943251
1 8.813174 -0.7751226 -4 3.51915
1 10.41317 -0.7751226 -4 2.518051
1 12.01317 -0.7751226 -4 2.33701
1 -11.98683 0.8248774 -4 2.58463
1 -10.38683 0.8248774 -4 2.734722
1 -8.786826 0.8248774 -4 2.708952
1 -7.186826 0.8248774 -4 3.838816
1 -5.586826 0.8248774 -4 3.772269
1 -3.986826 0.8248774 -4 4.474992
1 -2.386826 0.8248774 -4 5.302441
1 -0.7868256 0.8248774 -4 5.213076
1 0.8131744 0.8248774 -4 5.332085
1 2.413174 0.8248774 -4 5.048091
1 4.013174 0.8248774 -4 4.650245
1 5.613174 0.8248774 -4 4.01743
1 7.213174 0.8248774 -4 4.150833
1 8.813174 0.8248774 -4 3.252545
1 10.41317 0.8248774 -4 2.570071
1 12.01317 0.8248774 -4 2.51223
1 -11.98683 2.424877 -4 2.50828
1 -10.38683 2.424877 -4 3.150984
1 -8.786826 2.424877 -4 3.000301
1 -7.186826 2.424877 -4 3.543825
1 -5.586826 2.424877 -4 4.012256
1 -3.986826 2.424877 -4 4.435861
1 -2.386826 2.424877 -4 4.736176
1 -0.7868256 2.424877 -4 4.89752
1 0.8131744 2.424877 -4 5.331895
1 2.413174 2.424877 -4 4.653449
1 4.013174 2.424877 -4 4.432733
1 5.613174 2.424877 -4 4.279446
1 7.213174 2.424877 -4 3.922735
1 8.813174 2.424877 -4 2.958023
1 10.41317 2.424877 -4 2.550049
1 12.01317 2.424877 -4 2.370575
1 -11.98683 4.024877 -4 2.387017
1 -10.38683 4.024877 -4 2.47825
1 -8.786826 4.024877 -4 2.623396
1 -7.186826 4.024877 -4 3.860389
1 -5.586826 4.024877 -4 4.227348
1 -3.986826 4.024877 -4 4.070915
1 -2.386826 4.024877 -4 4.513508
1 -0.7868256 4.024877 -4 4.237918
1 0.8131744 4.024877 -4 4.820216
1 2.413174 4.024877 -4 4.932862
1 4.013174 4.024877 -4 3.839188
1 5.613174 4.024877 -4 3.673689
1 7.213174 4.024877 -4 3.272815
1 8.813174 4.024877 -4 2.810611
1 10.41317 4.024877 -4 2.03272
1 12.01317 4.024877 -4 2.257819
1 -10.38683 5.624877 -4 2.347846
1 -8.786826 5.624877 -4 2.897099
1 -7.186826 5.624877 -4 3.101502
1 -5.586826 5.624877 -4 3.758131
1 -3.986826 5.624877 -4 3.862152
1 -2.386826 5.624877 -4 3.954396
1 -0.7868256 5.624877 -4 4.410098
1 0.8131744 5.624877 -4 4.14005
1 2.413174 5.624877 -4 4.559464
1 4.013174 5.624877 -4 3.864016
1 5.613174 5.624877 -4 3.748332
1 7.213174 5.624877 -4 3.202341
1 8.813174 5.624877 -4 1.996841
1 10.41317 5.624877 -4 2.012568
1 -10.38683 7.224877 -4 1.546897
1 -8.786826 7.224877 -4 2.71698
1 -7.186826 7.224877 -4 2.672215
1 -5.586826 7.224877 -4 2.962831
1 -3.986826 7.224877 -4 3.044206
1 -2.386826 7.224877 -4 3.278068
1 -0.7868256 7.224877 -4 3.766688
1 0.8131744 7.224877 -4 3.879947
1 2.413174 7.224877 -4 3.117071
1 4.013174 7.224877 -4 3.182019
1 5.613174 7.224877 -4 3.284993
1 7.213174 7.224877 -4 2.710062
1 8.813174 7.224877 -4 3.017897
1 10.41317 7.224877 -4 2.444015
1 -8.786826 8.824877 -4 2.008771
1 -7.186826 8.824877 -4 2.63356
1 -5.586826 8.824877 -4 3.118906
1 -3.986826 8.824877 -4 3.251752
1 -2.386826 8.824877 -4 2.947739
1 -0.7868256 8.824877 -4 2.836573
1 0.8131744 8.824877 -4 3.213878
1 2.413174 8.824877 -4 3.261273
1 4.013174 8.824877 -4 3.318643
1 5.613174 8.824877 -4 2.4192
1 7.213174 8.824877 -4 2.567651
1 8.813174 8.824877 -4 2.243623
1 -7.186826 10.42488 -4 2.042047
1 -5.586826 10.42488 -4 2.941734
1 -3.986826 10.42488 -4 3.152674
1 -2.386826 10.42488 -4 2.635394
1 -0.7868256 10.42488 -4 2.487936
1 0.8131744 10.42488 -4 2.255619
1 2.413174 10.42488 -4 2.805738
1 4.013174 10.42488 -4 2.268398
1 5.613174 10.42488 -4 2.92526
1 7.213174 10.42488 -4 1.911174
1 -3.986826 12.02488 -4 2.058361
1 -2.386826 12.02488 -4 1.943859
1 -0.7868256 12.02488 -4 2.298747
1 0.8131744 12.02488 -4 2.543824
1 2.413174 12.02488 -4 2.638162
1 4.013174 12.02488 -4 1.7894
1 -8.763592 -11.98439 -3 2.209913
1 -7.163592 -11.98439 -3 2.605056
1 -5.563592 -11.98439 -3 2.653355
1 -3.963592 -11.98439 -3 3.026349
1 -2.363592 -11.98439 -3 2.965128
1 -0.7635918 -11.98439 -3 3.418587
1 0.8364082 -11.98439 -3 2.93673
1 2.436408 -11.98439 -3 3.129296
1 4.036408 -11.98439 -3 2.711607
1 5.636408 -11.98439 -3 2.81095
1 7.236408 -11.98439 -3 2.53525
1 8.836408 -11.98439 -3 1.889717
1 -10.36359 -10.38439 -3 2.391611
1 -8.763592 -10.38439 -3 2.352273
1 -7.163592 -10.38439 -3 3.225126
1 -5.563592 -10.38439 -3 3.207056
1 -3.963592 -10.38439 -3 3.284042
1 -2.363592 -10.38439 -3 3.957216
1 -0.7635918 -10.38439 -3 3.432331
1 0.8364082 -10.38439 -3 3.700569
1 2.436408 -10.38439 -3 3.867143
1 4.036408 -10.38439 -3 3.547542
1 5.636408 -10.38439 -3 3.1105
1 7.236408 -10.38439 -3 2.828215
1 8.836408 -10.38439 -3 2.739136
1 10.43641 -10.38439 -3 2.484169
1 -11.96359 -8.784388 -3 2.640459
1 -10.36359 -8.784388 -3 2.633894
1 -8.763592 -8.784388 -3 2.818826
1 -7.163592 -8.784388 -3 3.459489
1 -5.563592 -8.784388 -3 3.074283
1 -3.963592 -8.784388 -3 3.970154
1 -2.363592 -8.784388 -3 4.173059
1 -0.7635918 -8.784388 -3 4.084573
1 0.8364082 -8.784388 -3 3.861506
1 2.436408 -8.784388 -3 3.95007
1 4.036408 -8.784388 -3 4.259619
1 5.636408 -8.784388 -3 3.43885
1 7.236408 -8.784388 -3 2.742229
1 8.836408 -8.784388 -3 3.196961
1 10.43641 -8.784388 -3 2.525024
1 12.03641 -8.784388 -3 2.183125
1 -11.96359 -7.184388 -3 2.243341
1 -10.36359 -7.184388 -3 2.927179
1 -8.763592 -7.184388 -3 3.500467
1 -7.163592 -7.184388 -3 3.558067
1 -5.563592 -7.184388 -3 3.897136
1 -3.963592 -7.184388 -3 4.606281
1 -2.363592 -7.184388 -3 4.47123
1 -0.7635918 -7.184388 -3 4.596998
1 0.8364082 -7.184388 -3 4.480529
1 2.436408 -7.184388 -3 4.758216
1 4.036408 -7.184388 -3 4.083573
1 5.636408 -7.184388 -3 4.261131
1 7.236408 -7.184388 -3 3.906363
1 8.836408 -7.184388 -3 3.208257
1 10.43641 -7.184388 -3 3.144924
1 12.03641 -7.184388 -3 2.793875
1 -11.96359 -5.584388 -3 2.902854
1 -10.36359 -5.584388 -3 3.693466
1 -8.763592 -5.584388 -3 3.134141
1 -7.163592 -5.584388 -3 3.757588
1 -5.563592 -5.584388 -3 4.087312
1 -3.963592 -5.584388 -3 4.784716
1 -2.363592 -5.584388 -3 5.354671
1 -0.7635918 -5.584388 -3 5.486273
1 0.8364082 -5.584388 -3 5.188875
1 2.436408 -5.584388 -3 5.178182
1 4.036408 -5.584388 -3 4.706577
1 5.636408 -5.584388 -3 4.548685
1 7.236408 -5.584388 -3 4.142877
1 8.836408 -5.584388 -3 3.434469
1 10.43641 -5.584388 -3 3.113932
1 12.03641 -5.584388 -3 2.725238
1 -11.96359 -3.984388 -3 3.281281
1 -10.36359 -3.984388 -3 3.137739
1 -8.763592 -3.984388 -3 3.343577
1 -7.163592 -3.984388 -3 4.524191
1 -5.563592 -3.984388 -3 4.538756
1 -3.963592 -3.984388 -3 4.957774
1 -2.363592 -3.984388 -3 5.501866
1 -0.7635918 -3.984388 -3 5.17782
1 0.8364082 -3.984388 -3 5.283325
1 2.436408 -3.984388 -3 5.651296
1 4.036408 -3.984388 -3 5.198878
1 5.636408 -3.984388 -3 4.878344
1 7.236408 -3.984388 -3 4.297953
1 8.836408 -3.984388 -3 3.587977
1 10.43641 -3.984388 -3 3.022829
1 12.03641 -3.984388 -3 2.876973
1 -11.96359 -2.384388 -3 3.557059
1 -10.36359 -2.384388 -3 3.602135
1 -8.763592 -2.384388 -3 4.089912
1 -7.163592 -2.384388 -3 4.616264
1 -5.563592 -2.384388 -3 4.862211
1 -3.963592 -2.384388 -3 4.926001
1 -2.363592 -2.384388 -3 6.110911
1 -0.7635918 -2.384388 -3 5.363957
1 0.8364082 -2.384388 -3 5.395228
1 2.436408 -2.384388 -3 4.99389
1 4.036408 -2.384388 -3 5.213688
1 5.636408 -2.384388 -3 4.896687
1 7.236408 -2.384388 -3 4.46923
1 8.836408 -2.384388 -3 3.602084
1 10.43641 -2.384388 -3 3.992875
1 12.03641 -2.384388 -3 3.497526
1 -11.96359 -0.7843878 -3 3.293462
1 -10.36359 -0.7843878 -3 3.349544
1 -8.763592 -0.7843878 -3 4.319419
1 -7.163592 -0.7843878 -3 4.575356
1 -5.563592 -0.7843878 -3 4.986854
1 -3.963592 -0.7843878 -3 5.709253
1 -2.363592 -0.7843878 -3 5.162908
1 -0.7635918 -0.7843878 -3 5.199646
1 0.8364082 -0.7843878 -3 5.144652
1 2.436408 -0.7843878 -3 5.474816
1 4.036408 -0.7843878 -3 4.975376
1 5.636408 -0.7843878 -3 4.890967
1 7.236408 -0.7843878 -3 4.815957
1 8.836408 -0.7843878 -3 4.257096
1 10.43641 -0.7843878 -3 3.381253
1 12.03641 -0.7843878 -3 3.260867
1 -11.96359 0.8156122 -3 2.512902
1 -10.36359 0.8156122 -3 3.539608
1 -8.763592 0.8156122 -3 4.31905
1 -7.163592 0.8156122 -3 4.472215
1 -5.563592 0.8156122 -3 5.0577
1 -3.963592 0.8156122 -3 4.97027
1 -2.363592 0.8156122 -3 5.681826
1 -0.7635918 0.8156122 -3 4.864854
1 0.8364082 0.8156122 -3 5.246538
1 2.436408 0.8156122 -3 5.406066
1 4.036408 0.8156122 -3 5.383822
1 5.636408 0.8156122 -3 4.860928
1 7.236408 0.8156122 -3 5.094407
1 8.836408 0.8156122 -3 3.783313
1 10.43641 0.8156122 -3 3.688263
1 12.03641 0.8156122 -3 2.386119
1 -11.96359 2.415612 -3 3.057233
1 -10.36359 2.415612 -3 3.674126
1 -8.763592 2.415612 -3 3.777638
1 -7.163592 2.415612 -3 4.709316
1 -5.563592 2.415612 -3 5.041257
1 -3.963592 2.415612 -3 5.519772
1 -2.363592 2.415612 -3 5.23114
1 -0.7635918 2.415612 -3 5.227233
1 0.8364082 2.415612 -3 5.026995
1 2.436408 2.415612 -3 5.361358
1 4.036408 2.415612 -3 4.94099
1 5.636408 2.415612 -3 5.130552
1 7.236408 2.415612 -3 4.550928
1 8.836408 2.415612 -3 4.596256
1 10.43641 2.415612 -3 3.257282
1 12.03641 2.415612 -3 3.352051
1 -11.96359 4.015612 -3 2.800977
1 -10.36359 4.015612 -3 3.032829
1 -8.763592 4.015612 -3 4.015403
1 -7.163592 4.015612 -3 3.973777
1 -5.563592 4.015612 -3 4.479
1 -3.963592 4.015612 -3 4.883523
1 -2.363592 4.015612 -3 5.328417
1 -0.7635918 4.015612 -3 5.118862
1 0.8364082 4.015612 -3 5.638055
1 2.436408 4.015612 -3 4.975946
1 4.036408 4.015612 -3 5.12096
1 5.636408 4.015612 -3 4.778568
1 7.236408 4.015612 -3 4.065684
1 8.836408 4.015612 -3 3.765005
1 10.43641 4.015612 -3 3.232941
1 12.03641 4.015612 -3 3.172668
1 -11.96359 5.615612 -3 3.147962
1 -10.36359 5.615612 -3 2.927056
1 -8.763592 5.615612 -3 3.857372
1 -7.163592 5.615612 -3 4.029957
1 -5.563592 5.615612 -3 3.939643
1 -3.963592 5.615612 -3 4.55382
1 -2.363592 5.615612 -3 5.073801
1 -0.7635918 5.615612 -3 5.103077
1 0.8364082 5.615612 -3 4.456223
1 2.436408 5.615612 -3 5.103593
1 4.036408 5.615612 -3 4.906559
1 5.636408 5.615612 -3 4.355314
1 7.236408 5.615612 -3 3.871926
1 8.836408 5.615612 -3 4.117622
1 10.43641 5.615612 -3 3.164756
1 12.03641 5.615612 -3 2.755444
1 -11.96359 7.215612 -3 2.266318
1 -10.36359 7.215612 -3 2.596787
1 -8.763592 7.215612 -3 2.944368
1 -7.163592 7.215612 -3 3.599446
1 -5.563592 7.215612 -3 4.389049
1 -3.963592 7.215612 -3 4.77057
1 -2.363592 7.215612 -3 4.925199
1 -0.7635918 7.215612 -3 4.961163
1 0.8364082 7.215612 -3 4.577575
1 2.436408 7.215612 -3 4.22707
1 4.036408 7.215612 -3 4.250168
1 5.636408 7.215612 -3 3.445706
1 7.236408 7.215612 -3 3.626489
1 8.836408 7.215612 -3 3.740127
1 10.43641 7.215612 -3 2.965557
1 12.03641 7.215612 -3 2.821155
1 -10.36359 8.815612 -3 2.455625
1 -8.763592 8.815612 -3 3.429789
1 -7.163592 8.815612 -3 3.30556
1 -5.563592 8.815612 -3 3.380841
1 -3.963592 8.815612 -3 3.889826
1 -2.363592 8.815612 -3 3.669168
1 -0.7635918 8.815612 -3 4.356737
1 0.8364082 8.815612 -3 4.266184
1 2.436408 8.815612 -3 3.960123
1 4.036408 8.815612 -3 3.750054
1 5.636408 8.815612 -3 3.858803
1 7.236408 8.815612 -3 3.059555
1 8.836408 8.815612 -3 2.747944
1 10.43641 8.815612 -3 2.756414
1 12.03641 8.815612 -3 2.198018
1 -10.36359 10.41561 -3 2.306143
1 -8.763592 10.41561 -3 2.949065
1 -7.163592 10.41561 -3 3.056705
1 -5.563592 10.41561 -3 2.625967
1 -3.963592 10.41561 -3 3.063143
1 -2.363592 10.41561 -3 3.867403
1 -0.7635918 10.41561 -3 3.797428
1 0.8364082 10.41561 -3 3.382963
1 2.436408 10.41561 -3 3.210261
1 4.036408 10.41561 -3 3.655402
1 5.636408 10.41561 -3 2.984311
1 7.236408 10.41561 -3 3.38325
1 8.836408 10.41561 -3 3.093238
1 10.43641 10.41561 -3 1.992126
1 -7.163592 12.01561 -3 2.038431
1 -5.563592 12.01561 -3 3.264285
1 -3.963592 12.01561 -3 3.184312
1 -2.363592 12.01561 -3 3.26091
1 -0.7635918 12.01561 -3 2.955065
1 0.8364082 12.01561 -3 3.118242
1 2.436408 12.01561 -3 3.211548
1 4.036408 12.01561 -3 2.612509
1 5.636408 12.01561 -3 2.727883
1 7.236408 12.01561 -3 2.591118
1 8.836408 12.01561 -3 2.73404
1 -10.34247 -11.99203 -2 2.478872
1 -8.74247 -11.99203 -2 2.959
1 -7.14247 -11.99203 -2 2.895225
1 -5.54247 -11.99203 -2 3.778428
1 -3.94247 -11.99203 -2 4.089714
1 -2.34247 -11.99203 -2 3.852665
1 -0.7424697 -11.99203 -2 3.691596
1 0.8575303 -11.99203 -2 4.208609
1 2.45753 -11.99203 -2 3.903177
1 4.05753 -11.99203 -2 3.638939
1 5.65753 -11.99203 -2 3.827111
1 7.25753 -11.99203 -2 3.121455
1 8.85753 -11.99203 -2 3.331159
1 10.45753 -11.99203 -2 2.546378
1 -11.94247 -10.39203 -2 2.979842
1 -10.34247 -10.39203 -2 2.761427
1 -8.74247 -10.39203 -2 3.525917
1 -7.14247 -10.39203 -2 3.707611
1 -5.54247 -10.39203 -2 4.17563
1 -3.94247 -10.39203 -2 4.027668
1 -2.34247 -10.39203 -2 4.355624
1 -0.7424697 -10.39203 -2 4.80134
1 0.8575303 -10.39203 -2 4.497891
1 2.45753 -10.39203 -2 4.583169
1 4.05753 -10.39203 -2 4.169594
1 5.65753 -10.39203 -2 3.749346
1 7.25753 -10.39203 -2 3.732776
1 8.85753 -10.39203 -2 3.120138
1 10.45753 -10.39203 -2 2.446213
1 12.05753 -10.39203 -2 3.049278
1 -11.94247 -8.79203 -2 2.772192
1 -10.34247 -8.79203 -2 2.969866
1 -8.74247 -8.79203 -2 4.050068
1 -7.14247 -8.79203 -2 4.147718
1 -5.54247 -8.79203 -2 4.305862
1 -3.94247 -8.79203 -2 4.654598
1 -2.34247 -8.79203 -2 4.760921
1 -0.7424697 -8.79203 -2 5.202249
1 0.8575303 -8.79203 -2 5.134999
1 2.45753 -8.79203 -2 4.435759
1 4.05753 -8.79203 -2 4.787435
1 5.65753 -8.79203 -2 4.637472
1 7.25753 -8.79203 -2 4.317749
1 8.85753 -8.79203 -2 3.195168
1 10.45753 -8.79203 -2 3.367547
1 12.05753 -8.79203 -2 3.538827
1 -11.94247 -7.19203 -2 3.510615
1 -10.34247 -7.19203 -2 3.308188
1 -8.74247 -7.19203 -2 3.734766
1 -7.14247 -7.19203 -2 4.658328
1 -5.54247 -7.19203 -2 4.823902
1 -3.94247 -7.19203 -2 5.366775
1 -2.34247 -7.19203 -2 5.373861
1 -0.7424697 -7.19203 -2 5.406628
1 0.8575303 -7.19203 -2 5.432294
1 2.45753 -7.19203 -2 5.341968
1 4.05753 -7.19203 -2 4.809052
1 5.65753 -7.19203 -2 5.45479
1 7.25753 -7.19203 -2 4.182549
1 8.85753 -7.19203 -2 4.146443
1 10.45753 -7.19203 -2 3.599427
1 12.05753 -7.19203 -2 3.761445
1 -11.94247 -5.59203 -2 3.799075
1 -10.34247 -5.59203 -2 3.865765
1 -8.74247 -5.59203 -2 4.507124
1 -7.14247 -5.59203 -2 5.158782
1 -5.54247 -5.59203 -2 5.772645
1 -3.94247 -5.59203 -2 5.546246
1 -2.34247 -5.59203 -2 5.368758
1 -0.7424697 -5.59203 -2 5.454094
1 0.8575303 -5.59203 -2 6.201409
1 2.45753 -5.59203 -2 5.111742
1 4.05753 -5.59203 -2 6.234616
1 5.65753 -5.59203 -2 5.148226
1 7.25753 -5.59203 -2 4.753818
1 8.85753 -5.59203 -2 4.495159
1 10.45753 -5.59203 -2 4.240042
1 12.05753 -5.59203 -2 3.621922
1 -11.94247 -3.99203 -2 3.24647
1 -10.34247 -3.99203 -2 4.313202
1 -8.74247 -3.99203 -2 4.811691
1 -7.14247 -3.99203 -2 5.29134
1 -5.54247 -3.99203 -2 5.212825
1 -3.94247 -3.99203 -2 5.107224
1 -2.34247 -3.99203 -2 5.724743
1 -0.7424697 -3.99203 -2 5.590559
1 0.8575303 -3.99203 -2 5.635162
1 2.45753 -3.99203 -2 5.567442
1 4.05753 -3.99203 -2 5.600479
1 5.65753 -3.99203 -2 5.392876
1 7.25753 -3.99203 -2 5.325475
1 8.85753 -3.99203 -2 4.945692
1 10.45753 -3.99203 -2 4.026185
1 12.05753 -3.99203 -2 3.658303
1 -11.94247 -2.39203 -2 3.958707
1 -10.34247 -2.39203 -2 4.727069
1 -8.74247 -2.39203 -2 4.853399
1 -7.14247 -2.39203 -2 4.875686
1 -5.54247 -2.39203 -2 5.687348
1 -3.94247 -2.39203 -2 5.776115
1 -2.34247 -2.39203 -2 6.248112
1 -0.7424697 -2.39203 -2 5.78337
1 0.8575303 -2.39203 -2 5.541752
1 2.45753 -2.39203 -2 5.695108
1 4.05753 -2.39203 -2 5.679563
1 5.65753 -2.39203 -2 5.675894
1 7.25753 -2.39203 -2 5.344509
1 8.85753 -2.39203 -2 5.096378
1 10.45753 -2.39203 -2 4.457415
1 12.05753 -2.39203 -2 3.776674
1 -11.94247 -0.7920295 -2 3.701669
1 -10.34247 -0.7920295 -2 4.614445
1 -8.74247 -0.7920295 -2 4.937462
1 -7.14247 -0.7920295 -2 5.432088
1 -5.54247 -0.7920295 -2 5.97589
1 -3.94247 -0.7920295 -2 6.264643
1 -2.34247 -0.7920295 -2 5.45906
1 -0.7424697 -0.7920295 -2 5.716424
1 0.8575303 -0.7920295 -2 5.088721
1 2.45753 -0.7920295 -2 5.764102
1 4.05753 -0.7920295 -2 5.882227
1 5.65753 -0.7920295 -2 5.630753
1 7.25753 -0.7920295 -2 5.734942
1 8.85753 -0.7920295 -2 4.788356
1 10.45753 -0.7920295 -2 4.620902
1 12.05753 -0.7920295 -2 3.933508
1 -11.94247 0.8079705 -2 3.703952
1 -10.34247 0.8079705 -2 4.759441
1 -8.74247 0.8079705 -2 4.430999
1 -7.14247 0.8079705 -2 5.25484
1 -5.54247 0.8079705 -2 5.314629
1 -3.94247 0.8079705 -2 5.875214
1 -2.34247 0.8079705 -2 5.76362
1 -0.7424697 0.8079705 -2 5.02572
1 0.8575303 0.8079705 -2 5.468142
1 2.45753 0.8079705 -2 5.439289
1 4.05753 0.8079705 -2 5.991434
1 5.65753 0.8079705 -2 5.759437
1 7.25753 0.8079705 -2 5.565197
1 8.85753 0.8079705 -2 4.718463
1 10.45753 0.8079705 -2 4.479607
1 12.05753 0.8079705 -2 3.821117
1 -11.94247 2.40797 -2 3.501125
1 -10.34247 2.40797 -2 4.415543
1 -8.74247 2.40797 -2 5.310857
1 -7.14247 2.40797 -2 5.138387
1 -5.54247 2.40797 -2 5.579431
1 -3.94247 2.40797 -2 5.978198
1 -2.34247 2.40797 -2 5.814025
1 -0.7424697 2.40797 -2 6.183398
1 0.8575303 2.40797 -2 5.881818
1 2.45753 2.40797 -2 6.385322
1 4.05753 2.40797 -2 5.893115
1 5.65753 2.40797 -2 5.345906
1 7.25753 2.40797 -2 5.405738
1 8.85753 2.40797 -2 4.636277
1 10.45753 2.40797 -2 4.125605
1 12.05753 2.40797 -2 3.820977
1 -11.94247 4.00797 -2 3.968986
1 -10.34247 4.00797 -2 4.310795
1 -8.74247 4.00797 -2 4.90259
1 -7.14247 4.00797 -2 5.355287
1 -5.54247 4.00797 -2 5.427717
1 -3.94247 4.00797 -2 5.099422
1 -2.34247 4.00797 -2 6.004864
1 -0.7424697 4.00797 -2 6.368913
1 0.8575303 4.00797 -2 5.84123
1 2.45753 4.00797 -2 5.467159
1 4.05753 4.00797 -2 5.608092
1 5.65753 4.00797 -2 5.237051
1 7.25753 4.00797 -2 5.116042
1 8.85753 4.00797 -2 4.868113
1 10.45753 4.00797 -2 4.441427
1 12.05753 4.00797 -2 3.794301
1 -11.94247 5.60797 -2 3.312722
1 -10.34247 5.60797 -2 4.210007
1 -8.74247 5.60797 -2 4.792849
1 -7.14247 5.60797 -2 5.430387
1 -5.54247 5.60797 -2 5.090151
1 -3.94247 5.60797 -2 5.589203
1 -2.34247 5.60797 -2 5.927808
1 -0.7424697 5.60797 -2 5.670881
1 0.8575303 5.60797 -2 5.831194
1 2.45753 5.60797 -2 5.68299
1 4.05753 5.60797 -2 5.437068
1 5.65753 5.60797 -2 5.255691
1 7.25753 5.60797 -2 5.108599
1 8.85753 5.60797 -2 4.557964
1 10.45753 5.60797 -2 3.890085
1 12.05753 5.60797 -2 2.986269
1 -11.94247 7.20797 -2 3.112651
1 -10.34247 7.20797 -2 3.730519
1 -8.74247 7.20797 -2 3.522077
1 -7.14247 7.20797 -2 5.088288
1 -5.54247 7.20797 -2 4.495226
1 -3.94247 7.20797 -2 4.836264
1 -2.34247 7.20797 -2 5.664839
1 -0.7424697 7.20797 -2 4.838909
1 0.8575303 7.20797 -2 5.571144
1 2.45753 7.20797 -2 5.214402
1 4.05753 7.20797 -2 5.240421
1 5.65753 7.20797 -2 5.086944
1 7.25753 7.20797 -2 4.295934
1 8.85753 7.20797 -2 3.974222
1 10.45753 7.20797 -2 2.98627
1 12.05753 7.20797 -2 3.071153
1 -11.94247 8.80797 -2 3.138966
1 -10.34247 8.80797 -2 3.552653
1 -8.74247 8.80797 -2 4.308011
1 -7.14247 8.80797 -2 4.16684
1 -5.54247 8.80797 -2 4.571684
1 -3.94247 8.80797 -2 4.71778
1 -2.34247 8.80797 -2 4.745707
1 -0.7424697 8.80797 -2 5.140312
1 0.8575303 8.80797 -2 5.069143
1 2.45753 8.80797 -2 4.899771
1 4.05753 8.80797 -2 4.49522
1 5.65753 8.80797 -2 4.445731
1 7.25753 8.80797 -2 4.346038
1 8.85753 8.80797 -2 3.97036
1 10.45753 8.80797 -2 3.305723
1 12.05753 8.80797 -2 2.87664
1 -11.94247 10.40797 -2 2.885198
1 -10.34247 10.40797 -2 3.357469
1 -8.74247 10.40797 -2 3.456651
1 -7.14247 10.40797 -2 3.657184
1 -5.54247 10.40797 -2 3.786527
1 -3.94247 10.40797 -2 4.119996
1 -2.34247 10.40797 -2 4.006683
1 -0.7424697 10.40797 -2 4.281439
1 0.8575303 10.40797 -2 4.73951
1 2.45753 10.40797 -2 4.655354
1 4.05753 10.40797 -2 4.007123
1 5.65753 10.40797 -2 4.059377
1 7.25753 10.40797 -2 3.752856
1 8.85753 10.40797 -2 3.010724
1 10.45753 10.40797 -2 3.297951
1 12.05753 10.40797 -2 2.278911
1 -10.34247 12.00797 -2 3.006536
1 -8.74247 12.00797 -2 2.908701
1 -7.14247 12.00797 -2 3.257323
1 -5.54247 12.00797 -2 3.140731
1 -3.94247 12.00797 -2 3.372766
1 -2.34247 12.00797 -2 3.956073
1 -0.7424697 12.00797 -2 3.893185
1 0.8575303 12.00797 -2 3.788965
1 2.45753 12.00797 -2 3.534839
1 4.05753 12.00797 -2 3.461183
1 5.65753 12.00797 -2 4.055241
1 7.25753 12.00797 -2 3.229794
1 8.85753 12.00797 -2 3.23742
1 10.45753 12.00797 -2 2.953249
1 -11.92476 -11.99683 -1 3.303419
1 -10.32476 -11.99683 -1 3.248429
1 -8.724761 -11.99683 -1 3.625049
1 -7.124761 -11.99683 -1 4.352474
1 -5.524761 -11.99683 -1 4.083553
1 -3.924761 -11.99683 -1 4.736486
1 -2.324761 -11.99683 -1 4.604857
1 -0.7247612 -11.99683 -1 4.706702
1 0.8752388 -11.99683 -1 4.608904
1 2.475239 -11.99683 -1 4.680707
1 4.075239 -11.99683 -1 4.823897
1 5.675239 -11.99683 -1 4.524075
1 7.275239 -11.99683 -1 4.10651
1 8.875239 -11.99683 -1 4.094926
1 10.47524 -11.99683 -1 3.975518
1 12.07524 -11.99683 -1 3.228125
1 -11.92476 -10.39683 -1 3.67914
1 -10.32476 -10.39683 -1 4.002638
1 -8.724761 -10.39683 -1 4.041342
1 -7.124761 -10.39683 -1 4.372954
1 -5.524761 -10.39683 -1 5.35507
1 -3.924761 -10.39683 -1 5.306122
1 -2.324761 -10.39683 -1 5.414562
1 -0.7247612 -10.39683 -1 5.338102
1 0.8752388 -10.39683 -1 5.422556
1 2.475239 -10.39683 -1 5.267006
1 4.075239 -10.39683 -1 5.096302
1 5.675239 -10.39683 -1 4.930983
1 7.275239 -10.39683 -1 4.351985
1 8.875239 -10.39683 -1 4.886123
1 10.47524 -10.39683 -1 4.133574
1 12.07524 -10.39683 -1 3.498716
1 -11.92476 -8.796831 -1 4.180647
1 -10.32476 -8.796831 -1 4.129003
1 -8.724761 -8.796831 -1 5.098791
1 -7.124761 -8.796831 -1 4.916347
1 -5.524761 -8.796831 -1 4.720836
1 -3.924761 -8.796831 -1 5.859155
1 -2.324761 -8.796831 -1 5.943976
1 -0.7247612 -8.796831 -1 5.537279
1 0.8752388 -8.796831 -1 5.378265
1 2.475239 -8.796831 -1 5.202287
1 4.075239 -8.796831 -1 5.450872
1 5.675239 -8.796831 -1 4.842726
1 7.275239 -8.796831 -1 4.811323
1 8.875239 -8.796831 -1 4.711894
1 10.47524 -8.796831 -1 4.499698
1 12.07524 -8.796831 -1 3.672434
1 -11.92476 -7.196831 -1 4.133726
1 -10.32476 -7.196831 -1 4.668338
1 -8.724761 -7.196831 -1 5.444672
1 -7.124761 -7.196831 -1 5.133926
1 -5.524761 -7.196831 -1 5.259841
1 -3.924761 -7.196831 -1 5.404154
1 -2.324761 -7.196831 -1 6.127839
1 -0.7247612 -7.196831 -1 6.028925
1 0.8752388 -7.196831 -1 6.236977
1 2.475239 -7.196831 -1 5.953694
1 4.075239 -7.196831 -1 5.96383
1 5.675239 -7.196831 -1 5.716973
1 7.275239 -7.196831 -1 5.379448
1 8.875239 -7.196831 -1 4.859199
1 10.47524 -7.196831 -1 4.920103
1 12.07524 -7.196831 -1 4.063183
1 -11.92476 -5.596831 -1 4.577332
1 -10.32476 -5.596831 -1 4.916287
1 -8.724761 -5.596831 -1 5.74659
1 -7.124761 -5.596831 -1 5.838722
1 -5.524761 -5.596831 -1 5.844642
1 -3.924761 -5.596831 -1 6.090473
1 -2.324761 -5.596831 -1 6.131902
1 -0.7247612 -5.596831 -1 5.655897
1 0.8752388 -5.596831 -1 6.602957
1 2.475239 -5.596831 -1 6.429199
1 4.075239 -5.596831 -1 5.901106
1 5.675239 -5.596831 -1 6.024566
1 7.275239 -5.596831 -1 5.721393
1 8.875239 -5.596831 -1 5.018019
1 10.47524 -5.596831 -1 5.247604
1 12.07524 -5.596831 -1 4.348579
1 -11.92476 -3.996831 -1 4.650497
1 -10.32476 -3.996831 -1 5.18702
1 -8.724761 -3.996831 -1 5.269594
1 -7.124761 -3.996831 -1 5.594199
1 -5.524761 -3.996831 -1 6.080625
1 -3.924761 -3.996831 -1 6.32263
1 -2.324761 -3.996831 -1 6.160176
1 -0.7247612 -3.996831 -1 6.243957
1 0.8752388 -3.996831 -1 6.151215
1 2.475239 -3.996831 -1 6.278066
1 4.075239 -3.996831 -1 5.827882
1 5.675239 -3.996831 -1 6.262024
1 7.275239 -3.996831 -1 5.668106
1 8.875239 -3.996831 -1 5.401693
1 10.47524 -3.996831 -1 5.059589
1 12.07524 -3.996831 -1 4.192638
1 -11.92476 -2.396831 -1 4.713358
1 -10.32476 -2.396831 -1 5.119077
1 -8.724761 -2.396831 -1 5.481291
1 -7.124761 -2.396831 -1 5.850255
1 -5.524761 -2.396831 -1 6.474601
1 -3.924761 -2.396831 -1 5.826989
1 -2.324761 -2.396831 -1 5.871624
1 -0.7247612 -2.396831 -1 5.036215
1 0.8752388 -2.396831 -1 5.485663
1 2.475239 -2.396831 -1 5.800146
1 4.075239 -2.396831 -1 6.5273
1 5.675239 -2.396831 -1 5.922724
1 7.275239 -2.396831 -1 5.770859
1 8.875239 -2.396831 -1 5.311511
1 10.47524 -2.396831 -1 5.273993
1 12.07524 -2.396831 -1 5.026765
1 -11.92476 -0.7968311 -1 4.506663
1 -10.32476 -0.7968311 -1 5.194777
1 -8.724761 -0.7968311 -1 6.072436
1 -7.124761 -0.7968311 -1 5.872881
1 -5.524761 -0.7968311 -1 6.349986
1 -3.924761 -0.7968311 -1 6.164846
1 -2.324761 -0.7968311 -1 5.327856
1 -0.7247612 -0.7968311 -1 5.284615
1 0.8752388 -0.7968311 -1 5.179187
1 2.475239 -0.7968311 -1 5.532155
1 4.075239 -0.7968311 -1 5.841472
1 5.675239 -0.7968311 -1 6.081004
1 7.275239 -0.7968311 -1 6.247471
1 8.875239 -0.7968311 -1 5.589796
1 10.47524 -0.7968311 -1 4.832657
1 12.07524 -0.7968311 -1 4.77057
1 -11.92476 0.8031689 -1 4.999272
1 -10.32476 0.8031689 -1 5.011429
1 -8.724761 0.8031689 -1 5.67138
1 -7.124761 0.8031689 -1 5.738407
1 -5.524761 0.8031689 -1 6.20781
1 -3.924761 0.8031689 -1 6.034345
1 -2.324761 0.8031689 -1 5.645784
1 -0.7247612 0.8031689 -1 4.824811
1 0.8752388 0.8031689 -1 4.803052
1 2.475239 0.8031689 -1 5.872067
1 4.075239 0.8031689 -1 6.093755
1 5.675239 0.8031689 -1 6.131874
1 7.275239 0.8031689 -1 5.240658
1 8.875239 0.8031689 -1 5.411954
1 10.47524 0.8031689 -1 5.491935
1 12.07524 0.8031689 -1 4.704592
1 -11.92476 2.403169 -1 4.436163
1 -10.32476 2.403169 -1 5.119211
1 -8.724761 2.403169 -1 5.567024
1 -7.124761 2.403169 -1 5.863544
1 -5.524761 2.403169 -1 6.287382
1 -3.924761 2.403169 -1 6.521939
1 -2.324761 2.403169 -1 6.172493
1 -0.7247612 2.403169 -1 5.965736
1 0.8752388 2.403169 -1 5.571738
1 2.475239 2.403169 -1 6.136556
1 4.075239 2.403169 -1 5.89645
1 5.675239 2.403169 -1 6.128424
1 7.275239 2.403169 -1 6.535264
1 8.875239 2.403169 -1 5.657712
1 10.47524 2.403169 -1 5.152715
1 12.07524 2.403169 -1 4.592189
1 -11.92476 4.003169 -1 4.797418
1 -10.32476 4.003169 -1 5.61235
1 -8.724761 4.003169 -1 5.621164
1 -7.124761 4.003169 -1 5.80024
1 -5.524761 4.003169 -1 6.611206
1 -3.924761 4.003169 -1 5.983901
1 -2.324761 4.003169 -1 6.424602
1 -0.7247612 4.003169 -1 5.962134
1 0.8752388 4.003169 -1 5.812033
1 2.475239 4.003169 -1 6.446295
1 4.075239 4.003169 -1 5.728668
1 5.675239 4.003169 -1 6.015698
1 7.275239 4.003169 -1 5.869435
1 8.875239 4.003169 -1 5.407546
1 10.47524 4.003169 -1 4.6763
1 12.07524 4.003169 -1 4.444251
1 -11.92476 5.603169 -1 4.021382
1 -10.32476 5.603169 -1 5.355919
1 -8.724761 5.603169 -1 4.837001
1 -7.124761 5.603169 -1 5.134389
1 -5.524761 5.603169 -1 6.103477
1 -3.924761 5.603169 -1 6.319621
1 -2.324761 5.603169 -1 6.114232
1 -0.7247612 5.603169 -1 6.126903
1 0.8752388 5.603169 -1 6.359869
1 2.475239 5.603169 -1 6.512909
1 4.075239 5.603169 -1 5.695121
1 5.675239 5.603169 -1 6.255189
1 7.275239 5.603169 -1 5.709922
1 8.875239 5.603169 -1 5.216373
1 10.47524 5.603169 -1 5.191414
1 12.07524 5.603169 -1 4.645585
1 -11.92476 7.203169 -1 4.484114
1 -10.32476 7.203169 -1 4.531811
1 -8.724761 7.203169 -1 5.208983
1 -7.124761 7.203169 -1 5.447494
1 -5.524761 7.203169 -1 5.531619
1 -3.924761 7.203169 -1 6.304865
1 -2.324761 7.203169 -1 6.029336
1 -0.7247612 7.203169 -1 6.030284
1 0.8752388 7.203169 -1 6.176198
1 2.475239 7.203169 -1 6.086338
1 4.075239 7.203169 -1 5.689114
1 5.675239 7.203169 -1 5.647624
1 7.275239 7.203169 -1 6.025173
1 8.875239 7.203169 -1 4.996792
1 10.47524 7.203169 -1 4.530533
1 12.07524 7.203169 -1 4.348209
1 -11.92476 8.803169 -1 3.977795
1 -10.32476 8.803169 -1 4.151243
1 -8.724761 8.803169 -1 4.40032
1 -7.124761 8.803169 -1 5.22689
1 -5.524761 8.803169 -1 5.33092
1 -3.924761 8.803169 -1 5.638687
1 -2.324761 8.803169 -1 5.588088
1 -0.7247612 8.803169 -1 5.317831
1 0.8752388 8.803169 -1 5.748132
1 2.475239 8.803169 -1 6.258563
1 4.075239 8.803169 -1 5.152682
1 5.675239 8.803169 -1 5.055007
1 7.275239 8.803169 -1 4.680927
1 8.875239 8.803169 -1 4.579718
1 10.47524 8.803169 -1 4.631181
1 12.07524 8.803169 -1 3.839096
1 -11.92476 10.40317 -1 3.497625
1 -10.32476 10.40317 -1 3.610927
1 -8.724761 10.40317 -1 4.302135
1 -7.124761 10.40317 -1 4.863433
1 -5.524761 10.40317 -1 5.440182
1 -3.924761 10.40317 -1 5.414476
1 -2.324761 10.40317 -1 5.011536
1 -0.7247612 10.40317 -1 5.175426
1 0.8752388 10.40317 -1 5.453072
1 2.475239 10.40317 -1 5.226532
1 4.075239 10.40317 -1 5.154635
1 5.675239 10.40317 -1 4.547053
1 7.275239 10.40317 -1 4.497969
1 8.875239 10.40317 -1 4.054217
1 10.47524 10.40317 -1 3.700944
1 12.07524 10.40317 -1 3.381792
1 -11.92476 12.00317 -1 3.126019
1 -10.32476 12.00317 -1 3.560101
1 -8.724761 12.00317 -1 4.035787
1 -7.124761 12.00317 -1 4.037331
1 -5.524761 12.00317 -1 4.196389
1 -3.924761 12.00317 -1 5.008643
1 -2.324761 12.00317 -1 4.986709
1 -0.7247612 12.00317 -1 4.980507
1 0.8752388 12.00317 -1 5.231289
1 2.475239 12.00317 -1 4.493807
1 4.075239 12.00317 -1 5.116805
1 5.675239 12.00317 -1 4.717254
1 7.275239 12.00317 -1 4.241382
1 8.875239 12.00317 -1 4.033508
1 10.47524 12.00317 -1 3.576853
1 12.07524 12.00317 -1 3.20201
1 -11.91174 -11.99785 0 3.45887
1 -10.31174 -11.99785 0 4.390515
1 -8.711743 -11.99785 0 5.06855
1 -7.111743 -11.99785 0 5.347237
1 -5.511743 -11.99785 0 5.111756
1 -3.911743 -11.99785 0 5.231109
1 -2.311743 -11.99785 0 5.431337
1 -0.7117429 -11.99785 0 5.736587
1 0.8882571 -11.99785 0 5.81943
1 2.488257 -11.99785 0 5.487824
1 4.088257 -11.99785 0 5.536648
1 5.688257 -11.99785 0 5.062539
1 7.288257 -11.99785 0 4.949224
1 8.888257 -11.99785 0 4.829379
1 10.48826 -11.99785 0 5.114761
1 12.08826 -11.99785 0 3.839428
1 -11.91174 -10.39785 0 4.037831
1 -10.31174 -10.39785 0 4.701477
1 -8.711743 -10.39785 0 4.844459
1 -7.111743 -10.39785 0 5.416899
1 -5.511743 -10.39785 0 5.599836
1 -3.911743 -10.39785 0 6.036687
1 -2.311743 -10.39785 0 5.594985
1 -0.7117429 -10.39785 0 5.59621
1 0.8882571 -10.39785 0 6.289497
1 2.488257 -10.39785 0 5.89125
1 4.088257 -10.39785 0 5.477043
1 5.688257 -10.39785 0 5.246081
1 7.288257 -10.39785 0 5.119988
1 8.888257 -10.39785 0 5.093531
1 10.48826 -10.39785 0 4.458206
1 12.08826 -10.39785 0 4.540329
1 -11.91174 -8.797848 0 4.59393
1 -10.31174 -8.797848 0 4.994886
1 -8.711743 -8.797848 0 5.317925
1 -7.111743 -8.797848 0 5.569019
1 -5.511743 -8.797848 0 5.855684
1 -3.911743 -8.797848 0 6.367887
1 -2.311743 -8.797848 0 5.85567
1 -0.7117429 -8.797848 0 6.513693
1 0.8882571 -8.797848 0 6.154329
1 2.488257 -8.797848 0 6.374042
1 4.088257 -8.797848 0 6.064164
1 5.688257 -8.797848 0 5.56115
1 7.288257 -8.797848 0 5.73014
1 8.888257 -8.797848 0 5.162204
1 10.48826 -8.797848 0 5.227014
1 12.08826 -8.797848 0 4.326036
1 -11.91174 -7.197848 0 4.377849
1 -10.31174 -7.197848 0 5.044575
1 -8.711743 -7.197848 0 5.500408
1 -7.111743 -7.197848 0 5.752846
1 -5.511743 -7.197848 0 6.130965
1 -3.911743 -7.197848 0 6.184782
1 -2.311743 -7.197848 0 6.300633
1 -0.7117429 -7.197848 0 6.50865
1 0.8882571 -7.197848 0 6.135741
1 2.488257 -7.197848 0 6.593363
1 4.088257 -7.197848 0 6.332975
1 5.688257 -7.197848 0 6.180804
1 7.288257 -7.197848 0 5.450269
1 8.888257 -7.197848 0 5.568106
1 10.48826 -7.197848 0 5.119166
1 12.08826 -7.197848 0 5.036618
1 -11.91174 -5.597848 0 5.417013
1 -10.31174 -5.597848 0 5.822335
1 -8.711743 -5.597848 0 5.619269
1 -7.111743 -5.597848 0 5.991347
1 -5.511743 -5.597848 0 6.34941
1 -3.911743 -5.597848 0 6.174898
1 -2.311743 -5.597848 0 6.02333
1 -0.7117429 -5.597848 0 6.585459
1 0.8882571 -5.597848 0 6.404661
1 2.488257 -5.597848 0 6.578007
1 4.088257 -5.597848 0 6.139045
1 5.688257 -5.597848 0 6.286676
1 7.288257 -5.597848 0 5.897549
1 8.888257 -5.597848 0 5.69025
1 10.48826 -5.597848 0 5.571827
1 12.08826 -5.597848 0 4.865559
1 -11.91174 -3.997848 0 5.009717
1 -10.31174 -3.997848 0 5.381103
1 -8.711743 -3.997848 0 5.720212
1 -7.111743 -3.997848 0 6.117902
1 -5.511743 -3.997848 0 6.865762
1 -3.911743 -3.997848 0 6.223714
1 -2.311743 -3.997848 0 5.941863
1 -0.7117429 -3.997848 0 5.710574
1 0.8882571 -3.997848 0 6.024289
1 2.488257 -3.997848 0 6.121654
1 4.088257 -3.997848 0 6.450639
1 5.688257 -3.997848 0 6.369136
1 7.288257 -3.997848 0 6.550531
1 8.888257 -3.997848 0 6.25879
1 10.48826 -3.997848 0 5.971663
1 12.08826 -3.997848 0 5.318953
1 -11.91174 -2.397848 0 5.664429
1 -10.31174 -2.397848 0 5.815791
1 -8.711743 -2.397848 0 6.423592
1 -7.111743 -2.397848 0 6.363823
1 -5.511743 -2.397848 0 6.25403
1 -3.911743 -2.397848 0 5.91513
1 -2.311743 -2.397848 0 5.639299
1 -0.7117429 -2.397848 0 5.222421
1 0.8882571 -2.397848 0 5.55361
1 2.488257 -2.397848 0 5.803503
1 4.088257 -2.397848 0 6.062571
1 5.688257 -2.397848 0 6.199824
1 7.288257 -2.397848 0 6.78149
1 8.888257 -2.397848 0 6.131173
1 10.48826 -2.397848 0 5.522728
1 12.08826 -2.397848 0 5.278336
1 -11.91174 -0.7978479 0 5.47343
1 -10.31174 -0.7978479 0 6.105864
1 -8.711743 -0.7978479 0 6.220767
1 -7.111743 -0.7978479 0 6.454616
1 -5.511743 -0.7978479 0 6.127763
1 -3.911743 -0.7978479 0 6.261056
1 -2.311743 -0.7978479 0 5.434566
1 -0.7117429 -0.7978479 0 4.701548
1 0.8882571 -0.7978479 0 4.904028
1 2.488257 -0.7978479 0 5.454321
1 4.088257 -0.7978479 0 5.991313
1 5.688257 -0.7978479 0 6.195797
1 7.288257 -0.7978479 0 6.282551
1 8.888257 -0.7978479 0 6.013286
1 10.48826 -0.7978479 0 5.990081
1 12.08826 -0.7978479 0 5.083184
1 -11.91174 0.8021521 0 5.013765
1 -10.31174 0.8021521 0 5.730758
1 -8.711743 0.8021521 0 6.51307
1 -7.111743 0.8021521 0 6.45736
1 -5.511743 0.8021521 0 6.264059
1 -3.911743 0.8021521 0 6.229347
1 -2.311743 0.8021521 0 5.321721
1 -0.7117429 0.8021521 0 4.488563
1 0.8882571 0.8021521 0 4.535554
1 2.488257 0.8021521 0 5.681784
1 4.088257 0.8021521 0 6.385092
1 5.688257 0.8021521 0 6.70825
1 7.288257 0.8021521 0 6.671416
1 8.888257 0.8021521 0 6.324368
1 10.48826 0.8021521 0 6.367512
1 12.08826 0.8021521 0 5.96083
1 -11.91174 2.402152 0 5.717982
1 -10.31174 2.402152 0 5.780012
1 -8.711743 2.402152 0 5.930349
1 -7.111743 2.402152 0 6.451556
1 -5.511743 2.402152 0 6.285598
1 -3.911743 2.402152 0 6.288903
1 -2.311743 2.402152 0 5.678899
1 -0.7117429 2.402152 0 5.639905
1 0.8882571 2.402152 0 5.956955
1 2.488257 2.402152 0 6.057526
1 4.088257 2.402152 0 6.40561
1 5.688257 2.402152 0 6.433747
1 7.288257 2.402152 0 6.948527
1 8.888257 2.402152 0 6.170464
1 10.48826 2.402152 0 6.179002
1 12.08826 2.402152 0 5.779667
1 -11.91174 4.002152 0 5.298172
1 -10.31174 4.002152 0 4.89434
1 -8.711743 4.002152 0 5.996285
1 -7.111743 4.002152 0 6.447886
1 -5.511743 4.002152 0 6.113786
1 -3.911743 4.002152 0 6.064828
1 -2.311743 4.002152 0 6.44675
1 -0.7117429 4.002152 0 5.36296
1 0.8882571 4.002152 0 6.12034
1 2.488257 4.002152 0 6.152896
1 4.088257 4.002152 0 6.222986
1 5.688257 4.002152 0 6.455649
1 7.288257 4.002152 0 6.347233
1 8.888257 4.002152 0 6.14052
1 10.48826 4.002152 0 5.738654
1 12.08826 4.002152 0 5.124264
1 -11.91174 5.602152 0 5.133928
1 -10.31174 5.602152 0 5.861451
1 -8.711743 5.602152 0 6.064396
1 -7.111743 5.602152 0 6.564623
1 -5.511743 5.602152 0 6.30307
1 -3.911743 5.602152 0 6.585581
1 -2.311743 5.602152 0 6.550247
1 -0.7117429 5.602152 0 6.20181
1 0.8882571 5.602152 0 6.183402
1 2.488257 5.602152 0 6.891978
1 4.088257 5.602152 0 6.232999
1 5.688257 5.602152 0 6.609468
1 7.288257 5.602152 0 6.123818
1 8.888257 5.602152 0 5.622833
1 10.48826 5.602152 0 5.130969
1 12.08826 5.602152 0 4.76773
1 -11.91174 7.202152 0 4.337288
1 -10.31174 7.202152 0 5.037068
1 -8.711743 7.202152 0 5.886765
1 -7.111743 7.202152 0 5.814086
1 -5.511743 7.202152 0 6.624553
1 -3.911743 7.202152 0 6.290445
1 -2.311743 7.202152 0 6.16882
1 -0.7117429 7.202152 0 6.355504
1 0.8882571 7.202152 0 6.279398
1 2.488257 7.202152 0 6.292336
1 4.088257 7.202152 0 6.348613
1 5.688257 7.202152 0 6.210919
1 7.288257 7.202152 0 6.148928
1 8.888257 7.202152 0 5.778329
1 10.48826 7.202152 0 5.45224
1 12.08826 7.202152 0 4.857837
1 -11.91174 8.802152 0 4.331253
1 -10.31174 8.802152 0 5.058253
1 -8.711743 8.802152 0 5.424966
1 -7.111743 8.802152 0 5.54251
1 -5.511743 8.802152 0 5.800581
1 -3.911743 8.802152 0 6.352564
1 -2.311743 8.802152 0 6.525481
1 -0.7117429 8.802152 0 6.270602
1 0.8882571 8.802152 0 6.143934
1 2.488257 8.802152 0 6.60345
1 4.088257 8.802152 0 5.767843
1 5.688257 8.802152 0 5.669622
1 7.288257 8.802152 0 5.855925
1 8.888257 8.802152 0 5.090477
1 10.48826 8.802152 0 5.169311
1 12.08826 8.802152 0 4.297717
1 -11.91174 10.40215 0 4.339605
1 -10.31174 10.40215 0 4.544531
1 -8.711743 10.40215 0 5.168858
1 -7.111743 10.40215 0 5.59038
1 -5.511743 10.40215 0 5.488657
1 -3.911743 10.40215 0 5.861411
1 -2.311743 10.40215 0 5.384986
1 -0.7117429 10.40215 0 5.831927
1 0.8882571 10.40215 0 5.595068
1 2.488257 10.40215 0 5.886048
1 4.088257 10.40215 0 5.704147
1 5.688257 10.40215 0 5.455723
1 7.288257 10.40215 0 5.210998
1 8.888257 10.40215 0 5.183737
1 10.48826 10.40215 0 4.551521
1 12.08826 10.40215 0 4.668429
1 -11.91174 12.00215 0 3.376887
1 -10.31174 12.00215 0 4.294692
1 -8.711743 12.00215 0 5.061603
1 -7.111743 12.00215 0 4.540857
1 -5.511743 12.00215 0 4.870244
1 -3.911743 12.00215 0 5.158686
1 -2.311743 12.00215 0 5.408769
1 -0.7117429 12.00215 0 5.390432
1 0.8882571 12.00215 0 5.334615
1 2.488257 12.00215 0 5.867423
1 4.088257 12.00215 0 5.288592
1 5.688257 12.00215 0 5.34232
1 7.288257 12.00215 0 4.08173
1 8.888257 12.00215 0 4.815091
1 10.48826 12.00215 0 4.532867
1 12.08826 12.00215 0 3.732277
1 -11.9046 -11.99465 1 3.74527
1 -10.3046 -11.99465 1 4.572304
1 -8.704596 -11.99465 1 4.496372
1 -7.104596 -11.99465 1 5.040438
1 -5.504596 -11.99465 1 5.175381
1 -3.904596 -11.99465 1 5.180412
1 -2.304596 -11.99465 1 5.276797
1 -0.7045961 -11.99465 1 5.060223
1 0.8954039 -11.99465 1 4.880618
1 2.495404 -11.99465 1 5.344193
1 4.095404 -11.99465 1 5.28743
1 5.695404 -11.99465 1 4.902728
1 7.295404 -11.99465 1 4.938596
1 8.895404 -11.99465 1 4.604708
1 10.4954 -11.99465 1 4.070198
1 12.0954 -11.99465 1 3.813885
1 -11.9046 -10.39465 1 4.479179
1 -10.3046 -10.39465 1 4.622313
1 -8.704596 -10.39465 1 5.10386
1 -7.104596 -10.39465 1 5.341502
1 -5.504596 -10.39465 1 5.912173
1 -3.904596 -10.39465 1 5.703358
1 -2.304596 -10.39465 1 5.560446
1 -0.7045961 -10.39465 1 5.757004
1 0.8954039 -10.39465 1 5.93153
1 2.495404 -10.39465 1 5.740556
1 4.095404 -10.39465 1 5.635361
1 5.695404 -10.39465 1 5.647
1 7.295404 -10.39465 1 5.0261
1 8.895404 -10.39465 1 4.423652
1 10.4954 -10.39465 1 5.04849
1 12.0954 -10.39465 1 4.264166
1 -11.9046 -8.794648 1 4.748609
1 -10.3046 -8.794648 1 4.825439
1 -8.704596 -8.794648 1 5.308129
1 -7.104596 -8.794648 1 5.07388
1 -5.504596 -8.794648 1 5.961613
1 -3.904596 -8.794648 1 6.175266
1 -2.304596 -8.794648 1 5.946932
1 -0.7045961 -8.794648 1 6.094875
1 0.8954039 -8.794648 1 6.563106
1 2.495404 -8.794648 1 6.290963
1 4.095404 -8.794648 1 5.995023
1 5.695404 -8.794648 1 5.96439
1 7.295404 -8.794648 1 5.2755
1 8.895404 -8.794648 1 5.577709
1 10.4954 -8.794648 1 4.426283
1 12.0954 -8.794648 1 4.234969
1 -11.9046 -7.194648 1 4.950066
1 -10.3046 -7.194648 1 5.508068
1 -8.704596 -7.194648 1 5.178987
1 -7.104596 -7.194648 1 6.08577
1 -5.504596 -7.194648 1 6.259017
1 -3.904596 -7.194648 1 6.314167
1 -2.304596 -7.194648 1 6.240597
1 -0.7045961 -7.194648 1 6.208799
1 0.8954039 -7.194648 1 6.460736
1 2.495404 -7.194648 1 6.698732
1 4.095404 -7.194648 1 5.950842
1 5.695404 -7.194648 1 5.911011
1 7.295404 -7.194648 1 6.344911
1 8.895404 -7.194648 1 5.310343
1 10.4954 -7.194648 1 4.563449
1 12.0954 -7.194648 1 4.78526
1 -11.9046 -5.594648 1 5.114519
1 -10.3046 -5.594648 1 5.483963
1 -8.704596 -5.594648 1 5.653752
1 -7.104596 -5.594648 1 6.259304
1 -5.504596 -5.594648 1 6.319005
1 -3.904596 -5.594648 1 6.66868
1 -2.304596 -5.594648 1 6.502977
1 -0.7045961 -5.594648 1 6.566696
1 0.8954039 -5.594648 1 6.474717
1 2.495404 -5.594648 1 6.529754
1 4.095404 -5.594648 1 6.628283
1 5.695404 -5.594648 1 5.791564
1 7.295404 -5.594648 1 6.303064
1 8.895404 -5.594648 1 5.535305
1 10.4954 -5.594648 1 5.571573
1 12.0954 -5.594648 1 5.357159
1 -11.9046 -3.994648 1 5.107911
1 -10.3046 -3.994648 1 5.475709
1 -8.704596 -3.994648 1 6.036732
1 -7.104596 -3.994648 1 6.719343
1 -5.504596 -3.994648 1 6.463586
1 -3.904596 -3.994648 1 6.43054
1 -2.304596 -3.994648 1 6.093726
1 -0.7045961 -3.994648 1 5.942015
1 0.8954039 -3.994648 1 6.038967
1 2.495404 -3.994648 1 5.832982
1 4.095404 -3.994648 1 6.701875
1 5.695404 -3.994648 1 6.354458
1 7.295404 -3.994648 1 5.822736
1 8.895404 -3.994648 1 6.053935
1 10.4954 -3.994648 1 5.617508
1 12.0954 -3.994648 1 4.77199
1 -11.9046 -2.394648 1 5.862241
1 -10.3046 -2.394648 1 5.528601
1 -8.704596 -2.394648 1 5.835217
1 -7.104596 -2.394648 1 6.509964
1 -5.504596 -2.394648 1 6.686048
1 -3.904596 -2.394648 1 6.181364
1 -2.304596 -2.394648 1 5.886496
1 -0.7045961 -2.394648 1 5.146937
1 0.8954039 -2.394648 1 5.661306
1 2.495404 -2.394648 1 5.907876
1 4.095404 -2.394648 1 6.255586
1 5.695404 -2.394648 1 6.61477
1 7.295404 -2.394648 1 6.646879
1 8.895404 -2.394648 1 5.990476
1 10.4954 -2.394648 1 5.928129
1 12.0954 -2.394648 1 5.102455
1 -11.9046 -0.7946478 1 5.972588
1 -10.3046 -0.7946478 1 5.986298
1 -8.704596 -0.7946478 1 6.218258
1 -7.104596 -0.7946478 1 6.300181
1 -5.504596 -0.7946478 1 6.338207
1 -3.904596 -0.7946478 1 5.798632
1 -2.304596 -0.7946478 1 5.438354
1 -0.7045961 -0.7946478 1 4.671169
1 0.8954039 -0.7946478 1 4.396947
1 2.495404 -0.7946478 1 5.219348
1 4.095404 -0.7946478 1 5.666604
1 5.695404 -0.7946478 1 6.535576
1 7.295404 -0.7946478 1 6.506238
1 8.895404 -0.7946478 1 6.174382
1 10.4954 -0.7946478 1 5.73434
1 12.0954 -0.7946478 1 5.479788
1 -11.9046 0.8053522 1 5.071395
1 -10.3046 0.8053522 1 5.503926
1 -8.704596 0.8053522 1 5.86591
1 -7.104596 0.8053522 1 6.33247
1 -5.504596 0.8053522 1 6.591027
1 -3.904596 0.8053522 1 6.252599
1 -2.304596 0.8053522 1 5.281198
1 -0.7045961 0.8053522 1 4.879791
1 0.8954039 0.8053522 1 4.238848
1 2.495404 0.8053522 1 5.299282
1 4.095404 0.8053522 1 5.890671
1 5.695404 0.8053522 1 6.433157
1 7.295404 0.8053522 1 5.984994
1 8.895404 0.8053522 1 6.52342
1 10.4954 0.8053522 1 6.173872
1 12.0954 0.8053522 1 5.65961
1 -11.9046 2.405352 1 5.32932
1 -10.3046 2.405352 1 6.096971
1 -8.704596 2.405352 1 6.295303
1 -7.104596 2.405352 1 6.636851
1 -5.504596 2.405352 1 6.472189
1 -3.904596 2.405352 1 6.303398
1 -2.304596 2.405352 1 5.301333
1 -0.7045961 2.405352 1 5.287975
1 0.8954039 2.405352 1 5.675993
1 2.495404 2.405352 1 5.854985
1 4.095404 2.405352 1 5.925658
1 5.695404 2.405352 1 6.188147
1 7.295404 2.405352 1 6.258189
1 8.895404 2.405352 1 6.704073
1 10.4954 2.405352 1 5.763008
1 12.0954 2.405352 1 5.188634
1 -11.9046 4.005352 1 4.696841
1 -10.3046 4.005352 1 5.202282
1 -8.704596 4.005352 1 6.363862
1 -7.104596 4.005352 1 6.110182
1 -5.504596 4.005352 1 6.843623
1 -3.904596 4.005352 1 6.311073
1 -2.304596 4.005352 1 5.648733
1 -0.7045961 4.005352 1 6.622184
1 0.8954039 4.005352 1 5.803314
1 2.495404 4.005352 1 6.103745
1 4.095404 4.005352 1 6.417329
1 5.695404 4.005352 1 6.408281
1 7.295404 4.005352 1 5.94332
1 8.895404 4.005352 1 5.680653
1 10.4954 4.005352 1 6.026651
1 12.0954 4.005352 1 5.042882
1 -11.9046 5.605352 1 5.235455
1 -10.3046 5.605352 1 5.907722
1 -8.704596 5.605352 1 5.677323
1 -7.104596 5.605352 1 5.99688
1 -5.504596 5.605352 1 5.865127
1 -3.904596 5.605352 1 6.913291
1 -2.304596 5.605352 1 6.238689
1 -0.7045961 5.605352 1 6.29886
1 0.8954039 5.605352 1 6.05236
1 2.495404 5.605352 1 6.613231
1 4.095404 5.605352 1 6.841066
1 5.695404 5.605352 1 6.420199
1 7.295404 5.605352 1 6.073475
1 8.895404 5.605352 1 5.454719
1 10.4954 5.605352 1 5.853458
1 12.0954 5.605352 1 5.201342
1 -11.9046 7.205352 1 4.77065
1 -10.3046 7.205352 1 5.521074
1 -8.704596 7.205352 1 5.936806
1 -7.104596 7.205352 1 5.819888
1 -5.504596 7.205352 1 5.867161
1 -3.904596 7.205352 1 6.563804
1 -2.304596 7.205352 1 6.570442
1 -0.7045961 7.205352 1 6.297443
1 0.8954039 7.205352 1 7.211285
1 2.495404 7.205352 1 5.759862
1 4.095404 7.205352 1 6.320952
1 5.695404 7.205352 1 6.4583
1 7.295404 7.205352 1 6.306029
1 8.895404 7.205352 1 5.856138
1 10.4954 7.205352 1 5.257075
1 12.0954 7.205352 1 4.978121
1 -11.9046 8.805352 1 4.625462
1 -10.3046 8.805352 1 4.896619
1 -8.704596 8.805352 1 5.065456
1 -7.104596 8.805352 1 5.916238
1 -5.504596 8.805352 1 5.784302
1 -3.904596 8.805352 1 5.984701
1 -2.304596 8.805352 1 6.236889
1 -0.7045961 8.805352 1 6.230087
1 0.8954039 8.805352 1 5.733266
1 2.495404 8.805352 1 6.067023
1 4.095404 8.805352 1 6.211375
1 5.695404 8.805352 1 6.179818
1 7.295404 8.805352 1 5.294475
1 8.895404 8.805352 1 5.122086
1 10.4954 8.805352 1 4.292676
1 12.0954 8.805352 1 4.735204
1 -11.9046 10.40535 1 4.156641
1 -10.3046 10.40535 1 4.741413
1 -8.704596 10.40535 1 4.762669
1 -7.104596 10.40535 1 5.273444
1 -5.504596 10.40535 1 5.725053
1 -3.904596 10.40535 1 5.619209
1 -2.304596 10.40535 1 6.02007
1 -0.7045961 10.40535 1 6.035607
1 0.8954039 10.40535 1 5.474472
1 2.495404 10.40535 1 5.885261
1 4.095404 10.40535 1 5.056254
1 5.695404 10.40535 1 5.411173
1 7.295404 10.40535 1 5.081879
1 8.895404 10.40535 1 5.122478
1 10.4954 10.40535 1 4.617028
1 12.0954 10.40535 1 4.006058
1 -11.9046 12.00535 1 3.762184
1 -10.3046 12.00535 1 4.201409
1 -8.704596 12.00535 1 4.232809
1 -7.104596 12.00535 1 4.610933
1 -5.504596 12.00535 1 4.717797
1 -3.904596 12.00535 1 4.836233
1 -2.304596 12.00535 1 5.218683
1 -0.7045961 12.00535 1 5.410566
1 0.8954039 12.00535 1 5.023161
1 2.495404 12.00535 1 5.466781
1 4.095404 12.00535 1 5.05303
1 5.695404 12.00535 1 5.106241
1 7.295404 12.00535 1 4.816532
1 8.895404 12.00535 1 4.392558
1 10.4954 12.00535 1 3.669131
1 12.0954 12.00535 1 3.402064
1 -11.90402 -11.98723 2 2.516837
1 -10.30402 -11.98723 2 3.825644
1 -8.704016 -11.98723 2 3.713266
1 -7.104016 -11.98723 2 4.577877
1 -5.504016 -11.98723 2 3.979276
1 -3.904016 -11.98723 2 4.91093
1 -2.304016 -11.98723 2 4.945646
1 -0.7040158 -11.98723 2 4.556675
1 0.8959842 -11.98723 2 4.924569
1 2.495984 -11.98723 2 4.821962
1 4.095984 -11.98723 2 4.503773
1 5.695984 -11.98723 2 4.719993
1 7.295984 -11.98723 2 4.023894
1 8.895984 -11.98723 2 4.310367
1 10.49598 -11.98723 2 3.186197
1 12.09598 -11.98723 2 3.480081
1 -11.90402 -10.38723 2 3.35413
1 -10.30402 -10.38723 2 3.948189
1 -8.704016 -10.38723 2 4.198662
1 -7.104016 -10.38723 2 4.507167
1 -5.504016 -10.38723 2 4.79432
1 -3.904016 -10.38723 2 5.261381
1 -2.304016 -10.38723 2 5.186801
1 -0.7040158 -10.38723 2 5.592885
1 0.8959842 -10.38723 2 5.281526
1 2.495984 -10.38723 2 5.222518
1 4.095984 -10.38723 2 5.018563
1 5.695984 -10.38723 2 4.71015
1 7.295984 -10.38723 2 4.592431
1 8.895984 -10.38723 2 4.464812
1 10.49598 -10.38723 2 4.063091
1 12.09598 -10.38723 2 3.734134
1 -11.90402 -8.787228 2 4.236618
1 -10.30402 -8.787228 2 4.305841
1 -8.704016 -8.787228 2 4.647008
1 -7.104016 -8.787228 2 5.347535
1 -5.504016 -8.787228 2 5.237135
1 -3.904016 -8.787228 2 5.224847
1 -2.304016 -8.787228 2 5.401658
1 -0.7040158 -8.787228 2 5.53399
1 0.8959842 -8.787228 2 5.339173
1 2.495984 -8.787228 2 5.979428
1 4.095984 -8.787228 2 5.32843
1 5.695984 -8.787228 2 5.532896
1 7.295984 -8.787228 2 5.555358
1 8.895984 -8.787228 2 4.507255
1 10.49598 -8.787228 2 4.309108
1 12.09598 -8.787228 2 3.659609
1 -11.90402 -7.187228 2 4.823585
1 -10.30402 -7.187228 2 4.270725
1 -8.704016 -7.187228 2 5.253961
1 -7.104016 -7.187228 2 5.545065
1 -5.504016 -7.187228 2 5.857673
1 -3.904016 -7.187228 2 6.094511
1 -2.304016 -7.187228 2 6.121548
1 -0.7040158 -7.187228 2 6.178934
1 0.8959842 -7.187228 2 5.803664
1 2.495984 -7.187228 2 6.081313
1 4.095984 -7.187228 2 5.744663
1 5.695984 -7.187228 2 6.334928
1 7.295984 -7.187228 2 5.510762
1 8.895984 -7.187228 2 5.169468
1 10.49598 -7.187228 2 3.985541
1 12.09598 -7.187228 2 3.761912
1 -11.90402 -5.587228 2 4.099082
1 -10.30402 -5.587228 2 4.669571
1 -8.704016 -5.587228 2 5.111149
1 -7.104016 -5.587228 2 5.785792
1 -5.504016 -5.587228 2 5.845755
1 -3.904016 -5.587228 2 6.004723
1 -2.304016 -5.587228 2 6.454961
1 -0.7040158 -5.587228 2 5.649723
1 0.8959842 -5.587228 2 6.158638
1 2.495984 -5.587228 2 6.373421
1 4.095984 -5.587228 2 6.348044
1 5.695984 -5.587228 2 5.853619
1 7.295984 -5.587228 2 5.516478
1 8.895984 -5.587228 2 5.207597
1 10.49598 -5.587228 2 4.70857
1 12.09598 -5.587228 2 4.237095
1 -11.90402 -3.987228 2 4.201999
1 -10.30402 -3.987228 2 4.982785
1 -8.704016 -3.987228 2 5.535431
1 -7.104016 -3.987228 2 5.699039
1 -5.504016 -3.987228 2 5.801036
1 -3.904016 -3.987228 2 5.769299
1 -2.304016 -3.987228 2 6.051114
1 -0.7040158 -3.987228 2 6.508192
1 0.8959842 -3.987228 2 5.937909
1 2.495984 -3.987228 2 5.988905
1 4.095984 -3.987228 2 6.872305
1 5.695984 -3.987228 2 5.590053
1 7.295984 -3.987228 2 5.873973
1 8.895984 -3.987228 2 5.643026
1 10.49598 -3.987228 2 4.912276
1 12.09598 -3.987228 2 4.836376
1 -11.90402 -2.387228 2 4.877975
1 -10.30402 -2.387228 2 5.192271
1 -8.704016 -2.387228 2 5.333045
1 -7.104016 -2.387228 2 6.049142
1 -5.504016 -2.387228 2 6.077375
1 -3.904016 -2.387228 2 5.926583
1 -2.304016 -2.387228 2 5.976442
1 -0.7040158 -2.387228 2 5.813723
1 0.8959842 -2.387228 2 5.64909
1 2.495984 -2.387228 2 6.150814
1 4.095984 -2.387228 2 5.520312
1 5.695984 -2.387228 2 6.34219
1 7.295984 -2.387228 2 5.825556
1 8.895984 -2.387228 2 5.696517
1 10.49598 -2.387228 2 5.465846
1 12.09598 -2.387228 2 4.711505
1 -11.90402 -0.7872282 2 4.768279
1 -10.30402 -0.7872282 2 4.595613
1 -8.704016 -0.7872282 2 5.393314
1 -7.104016 -0.7872282 2 6.214175
1 -5.504016 -0.7872282 2 5.822975
1 -3.904016 -0.7872282 2 6.049439
1 -2.304016 -0.7872282 2 5.74489
1 -0.7040158 -0.7872282 2 4.902214
1 0.8959842 -0.7872282 2 4.777906
1 2.495984 -0.7872282 2 5.303589
1 4.095984 -0.7872282 2 6.143597
1 5.695984 -0.7872282 2 5.700119
1 7.295984 -0.7872282 2 5.795579
1 8.895984 -0.7872282 2 5.669726
1 10.49598 -0.7872282 2 5.011844
1 12.09598 -0.7872282 2 4.705323
1 -11.90402 0.8127718 2 4.961093
1 -10.30402 0.8127718 2 5.257677
1 -8.704016 0.8127718 2 5.731935
1 -7.104016 0.8127718 2 6.426608
1 -5.504016 0.8127718 2 6.149133
1 -3.904016 0.8127718 2 6.148898
1 -2.304016 0.8127718 2 5.172904
1 -0.7040158 0.8127718 2 4.998402
1 0.8959842 0.8127718 2 4.800716
1 2.495984 0.8127718 2 5.362879
1 4.095984 0.8127718 2 6.328126
1 5.695984 0.8127718 2 6.171573
1 7.295984 0.8127718 2 6.263217
1 8.895984 0.8127718 2 5.470496
1 10.49598 0.8127718 2 4.652602
1 12.09598 0.8127718 2 4.786782
1 -11.90402 2.412772 2 4.912418
1 -10.30402 2.412772 2 5.815093
1 -8.704016 2.412772 2 5.84668
1 -7.104016 2.412772 2 6.233414
1 -5.504016 2.412772 2 6.003634
1 -3.904016 2.412772 2 6.236284
1 -2.304016 2.412772 2 5.81979
1 -0.7040158 2.412772 2 5.774396
1 0.8959842 2.412772 2 5.372992
1 2.495984 2.412772 2 5.842685
1 4.095984 2.412772 2 5.783154
1 5.695984 2.412772 2 6.169014
1 7.295984 2.412772 2 6.081419
1 8.895984 2.412772 2 5.639273
1 10.49598 2.412772 2 5.019268
1 12.09598 2.412772 2 4.616945
1 -11.90402 4.012772 2 4.129728
1 -10.30402 4.012772 2 4.97629
1 -8.704016 4.012772 2 5.03301
1 -7.104016 4.012772 2 5.834474
1 -5.504016 4.012772 2 6.517129
1 -3.904016 4.012772 2 6.35301
1 -2.304016 4.012772 2 6.518325
1 -0.7040158 4.012772 2 6.415756
1 0.8959842 4.012772 2 5.995045
1 2.495984 4.012772 2 6.238945
1 4.095984 4.012772 2 5.720042
1 5.695984 4.012772 2 6.302812
1 7.295984 4.012772 2 5.658559
1 8.895984 4.012772 2 5.712029
1 10.49598 4.012772 2 4.564144
1 12.09598 4.012772 2 4.827204
1 -11.90402 5.612772 2 4.2175
1 -10.30402 5.612772 2 5.172814
1 -8.704016 5.612772 2 5.248318
1 -7.104016 5.612772 2 5.465363
1 -5.504016 5.612772 2 6.02965
1 -3.904016 5.612772 2 6.064805
1 -2.304016 5.612772 2 6.001016
1 -0.7040158 5.612772 2 5.953303
1 0.8959842 5.612772 2 6.779473
1 2.495984 5.612772 2 5.920159
1 4.095984 5.612772 2 6.219155
1 5.695984 5.612772 2 5.852228
1 7.295984 5.612772 2 5.370418
1 8.895984 5.612772 2 4.905605
1 10.49598 5.612772 2 4.444182
1 12.09598 5.612772 2 3.991736
1 -11.90402 7.212772 2 3.719719
1 -10.30402 7.212772 2 4.71199
1 -8.704016 7.212772 2 4.900147
1 -7.104016 7.212772 2 5.82745
1 -5.504016 7.212772 2 5.783192
1 -3.904016 7.212772 2 6.25039
1 -2.304016 7.212772 2 6.093984
1 -0.7040158 7.212772 2 6.238253
1 0.8959842 7.212772 2 6.143698
1 2.495984 7.212772 2 5.867791
1 4.095984 7.212772 2 6.069222
1 5.695984 7.212772 2 5.622868
1 7.295984 7.212772 2 5.58611
1 8.895984 7.212772 2 4.759556
1 10.49598 7.212772 2 4.791512
1 12.09598 7.212772 2 4.015784
1 -11.90402 8.812772 2 3.581895
1 -10.30402 8.812772 2 3.736017
1 -8.704016 8.812772 2 5.013002
1 -7.104016 8.812772 2 5.089155
1 -5.504016 8.812772 2 5.23919
1 -3.904016 8.812772 2 5.651006
1 -2.304016 8.812772 2 5.638261
1 -0.7040158 8.812772 2 5.370048
1 0.8959842 8.812772 2 5.166852
1 2.495984 8.812772 2 5.572862
1 4.095984 8.812772 2 5.398705
1 5.695984 8.812772 2 4.988594
1 7.295984 8.812772 2 5.063644
1 8.895984 8.812772 2 4.529213
1 10.49598 8.812772 2 4.422968
1 12.09598 8.812772 2 4.12625
1 -11.90402 10.41277 2 3.328856
1 -10.30402 10.41277 2 3.64084
1 -8.704016 10.41277 2 4.25242
1 -7.104016 10.41277 2 4.896751
1 -5.504016 10.41277 2 4.382652
1 -3.904016 10.41277 2 4.822582
1 -2.304016 10.41277 2 5.000003
1 -0.7040158 10.41277 2 5.346858
1 0.8959842 10.41277 2 5.848985
1 2.495984 10.41277 2 5.062963
1 4.095984 10.41277 2 4.925308
1 5.695984 10.41277 2 4.390566
1 7.295984 10.41277 2 4.280079
1 8.895984 10.41277 2 4.408765
1 10.49598 10.41277 2 3.673297
1 12.09598 10.41277 2 3.363514
1 -11.90402 12.01277 2 3.063742
1 -10.30402 12.01277 2 3.469557
1 -8.704016 12.01277 2 4.208336
1 -7.104016 12.01277 2 4.40533
1 -5.504016 12.01277 2 4.845395
1 -3.904016 12.01277 2 4.076849
1 -2.304016 12.01277 2 4.560937
1 -0.7040158 12.01277 2 5.006823
1 0.8959842 12.01277 2 4.670088
1 2.495984 12.01277 2 4.756136
1 4.095984 12.01277 2 4.378266
1 5.695984 12.01277 2 3.876021
1 7.295984 12.01277 2 3.792028
1 8.895984 12.01277 2 4.277747
1 10.49598 12.01277 2 3.419736
1 12.09598 12.01277 2 3.598997
1 -10.30972 -11.97597 3 2.873877
1 -8.709717 -11.97597 3 3.391436
1 -7.109717 -11.97597 3 2.856593
1 -5.509717 -11.97597 3 3.337936
1 -3.909717 -11.97597 3 3.602995
1 -2.309717 -11.97597 3 3.584938
1 -0.7097168 -11.97597 3 3.820572
1 0.8902832 -11.97597 3 3.363979
1 2.490283 -11.97597 3 3.461182
1 4.090283 -11.97597 3 3.83401
1 5.690283 -11.97597 3 3.550814
1 7.290283 -11.97597 3 3.580124
1 8.890283 -11.97597 3 2.901921
1 10.49028 -11.97597 3 2.602097
1 -11.90972 -10.37597 3 2.458643
1 -10.30972 -10.37597 3 3.09931
1 -8.709717 -10.37597 3 3.075054
1 -7.109717 -10.37597 3 3.805213
1 -5.509717 -10.37597 3 3.910946
1 -3.909717 -10.37597 3 4.370011
1 -2.309717 -10.37597 3 4.643138
1 -0.7097168 -10.37597 3 4.306758
1 0.8902832 -10.37597 3 4.303383
1 2.490283 -10.37597 3 4.31952
1 4.090283 -10.37597 3 4.011679
1 5.690283 -10.37597 3 4.356018
1 7.290283 -10.37597 3 3.665397
1 8.890283 -10.37597 3 3.58698
1 10.49028 -10.37597 3 3.131625
1 12.09028 -10.37597 3 3.052154
1 -11.90972 -8.775975 3 2.933297
1 -10.30972 -8.775975 3 2.700262
1 -8.709717 -8.775975 3 3.899981
1 -7.109717 -8.775975 3 3.842767
1 -5.509717 -8.775975 3 4.535161
1 -3.909717 -8.775975 3 4.415025
1 -2.309717 -8.775975 3 4.806665
1 -0.7097168 -8.775975 3 4.779366
1 0.8902832 -8.775975 3 4.85642
1 2.490283 -8.775975 3 4.666586
1 4.090283 -8.775975 3 4.412547
1 5.690283 -8.775975 3 4.459915
1 7.290283 -8.775975 3 3.797045
1 8.890283 -8.775975 3 3.676425
1 10.49028 -8.775975 3 3.294687
1 12.09028 -8.775975 3 2.825898
1 -11.90972 -7.175975 3 3.689844
1 -10.30972 -7.175975 3 3.213965
1 -8.709717 -7.175975 3 4.108973
1 -7.109717 -7.175975 3 4.189672
1 -5.509717 -7.175975 3 4.49502
1 -3.909717 -7.175975 3 5.084019
1 -2.309717 -7.175975 3 5.8212
1 -0.7097168 -7.175975 3 5.718341
1 0.8902832 -7.175975 3 5.408628
1 2.490283 -7.175975 3 5.110969
1 4.090283 -7.175975 3 5.606086
1 5.690283 -7.175975 3 4.77166
1 7.290283 -7.175975 3 4.269094
1 8.890283 -7.175975 3 3.761809
1 10.49028 -7.175975 3 3.535308
1 12.09028 -7.175975 3 3.671156
1 -11.90972 -5.575975 3 3.76187
1 -10.30972 -5.575975 3 4.094754
1 -8.709717 -5.575975 3 4.001604
1 -7.109717 -5.575975 3 4.762398
1 -5.509717 -5.575975 3 5.457832
1 -3.909717 -5.575975 3 5.371489
1 -2.309717 -5.575975 3 5.44427
1 -0.7097168 -5.575975 3 5.701725
1 0.8902832 -5.575975 3 5.511381
1 2.490283 -5.575975 3 5.526099
1 4.090283 -5.575975 3 6.048686
1 5.690283 -5.575975 3 5.322635
1 7.290283 -5.575975 3 5.142479
1 8.890283 -5.575975 3 4.42318
1 10.49028 -5.575975 3 3.841485
1 12.09028 -5.575975 3 3.654906
1 -11.90972 -3.975975 3 3.309948
1 -10.30972 -3.975975 3 4.543623
1 -8.709717 -3.975975 3 4.603058
1 -7.109717 -3.975975 3 4.33987
1 -5.509717 -3.975975 3 5.232654
1 -3.909717 -3.975975 3 5.585232
1 -2.309717 -3.975975 3 6.299037
1 -0.7097168 -3.975975 3 5.806411
1 0.8902832 -3.975975 3 5.455201
1 2.490283 -3.975975 3 5.730015
1 4.090283 -3.975975 3 5.463449
1 5.690283 -3.975975 3 5.056423
1 7.290283 -3.975975 3 4.928367
1 8.890283 -3.975975 3 4.194457
1 10.49028 -3.975975 3 4.847308
1 12.09028 -3.975975 3 3.750877
1 -11.90972 -2.375975 3 3.971738
1 -10.30972 -2.375975 3 4.043293
1 -8.709717 -2.375975 3 5.1542
1 -7.109717 -2.375975 3 5.404734
1 -5.509717 -2.375975 3 5.380119
1 -3.909717 -2.375975 3 5.774798
1 -2.309717 -2.375975 3 5.708161
1 -0.7097168 -2.375975 3 6.025207
1 0.8902832 -2.375975 3 5.66262
1 2.490283 -2.375975 3 6.079376
1 4.090283 -2.375975 3 5.98419
1 5.690283 -2.375975 3 5.539982
1 7.290283 -2.375975 3 5.261722
1 8.890283 -2.375975 3 4.61468
1 10.49028 -2.375975 3 4.206651
1 12.09028 -2.375975 3 3.466491
1 -11.90972 -0.7759748 3 3.778598
1 -10.30972 -0.7759748 3 4.319591
1 -8.709717 -0.7759748 3 4.86334
1 -7.109717 -0.7759748 3 5.987655
1 -5.509717 -0.7759748 3 5.724999
1 -3.909717 -0.7759748 3 5.456707
1 -2.309717 -0.7759748 3 5.935843
1 -0.7097168 -0.7759748 3 5.239201
1 0.8902832 -0.7759748 3 5.663549
1 2.490283 -0.7759748 3 5.716974
1 4.090283 -0.7759748 3 6.22785
1 5.690283 -0.7759748 3 5.684398
1 7.290283 -0.7759748 3 5.227157
1 8.890283 -0.7759748 3 5.412533
1 10.49028 -0.7759748 3 4.069284
1 12.09028 -0.7759748 3 3.990916
1 -11.90972 0.8240252 3 3.640615
1 -10.30972 0.8240252 3 4.709056
1 -8.709717 0.8240252 3 5.0281
1 -7.109717 0.8240252 3 5.255542
1 -5.509717 0.8240252 3 5.594289
1 -3.909717 0.8240252 3 6.048333
1 -2.309717 0.8240252 3 5.43728
1 -0.7097168 0.8240252 3 5.116888
1 0.8902832 0.8240252 3 5.413171
1 2.490283 0.8240252 3 5.8911
1 4.090283 0.8240252 3 5.397407
1 5.690283 0.8240252 3 5.736769
1 7.290283 0.8240252 3 5.072383
1 8.890283 0.8240252 3 4.757403
1 10.49028 0.8240252 3 4.738922
1 12.09028 0.8240252 3 4.135077
1 -11.90972 2.424025 3 3.767089
1 -10.30972 2.424025 3 4.097857
1 -8.709717 2.424025 3 4.907865
1 -7.109717 2.424025 3 5.670033
1 -5.509717 2.424025 3 5.841313
1 -3.909717 2.424025 3 5.902018
1 -2.309717 2.424025 3 5.826993
1 -0.7097168 2.424025 3 5.968404
1 0.8902832 2.424025 3 5.932767
1 2.490283 2.424025 3 6.010387
1 4.090283 2.424025 3 5.623827
1 5.690283 2.424025 3 4.94238
1 7.290283 2.424025 3 5.13244
1 8.890283 2.424025 3 5.155083
1 10.49028 2.424025 3 4.283578
1 12.09028 2.424025 3 3.655958
1 -11.90972 4.024025 3 3.172469
1 -10.30972 4.024025 3 4.025234
1 -8.709717 4.024025 3 4.456458
1 -7.109717 4.024025 3 4.943751
1 -5.509717 4.024025 3 5.471655
1 -3.909717 4.024025 3 5.630131
1 -2.309717 4.024025 3 6.117364
1 -0.7097168 4.024025 3 5.435209
1 0.8902832 4.024025 3 5.45279
1 2.490283 4.024025 3 5.527449
1 4.090283 4.024025 3 5.681428
1 5.690283 4.024025 3 5.993349
1 7.290283 4.024025 3 5.437893
1 8.890283 4.024025 3 4.563903
1 10.49028 4.024025 3 3.981641
1 12.09028 4.024025 3 3.997336
1 -11.90972 5.624025 3 3.567437
1 -10.30972 5.624025 3 3.850747
1 -8.709717 5.624025 3 4.401402
1 -7.109717 5.624025 3 5.127108
1 -5.509717 5.624025 3 5.158468
1 -3.909717 5.624025 3 5.500538
1 -2.309717 5.624025 3 5.809878
1 -0.7097168 5.624025 3 5.553169
1 0.8902832 5.624025 3 5.182072
1 2.490283 5.624025 3 5.609358
1 4.090283 5.624025 3 5.755498
1 5.690283 5.624025 3 5.141462
1 7.290283 5.624025 3 4.996286
1 8.890283 5.624025 3 4.273853
1 10.49028 5.624025 3 3.726012
1 12.09028 5.624025 3 3.59971
1 -11.90972 7.224025 3 3.15789
1 -10.30972 7.224025 3 3.891909
1 -8.709717 7.224025 3 4.339431
1 -7.109717 7.224025 3 4.389292
1 -5.509717 7.224025 3 4.855485
1 -3.909717 7.224025 3 5.325635
1 -2.309717 7.224025 3 5.639101
1 -0.7097168 7.224025 3 5.263606
1 0.8902832 7.224025 3 5.242046
1 2.490283 7.224025 3 5.195147
1 4.090283 7.224025 3 5.397947
1 5.690283 7.224025 3 4.642038
1 7.290283 7.224025 3 4.329633
1 8.890283 7.224025 3 4.037616
1 10.49028 7.224025 3 3.357222
1 12.09028 7.224025 3 3.147968
1 -11.90972 8.824025 3 2.885764
1 -10.30972 8.824025 3 3.384742
1 -8.709717 8.824025 3 3.917855
1 -7.109717 8.824025 3 4.493532
1 -5.509717 8.824025 3 4.61364
1 -3.909717 8.824025 3 4.340681
1 -2.309717 8.824025 3 5.206452
1 -0.7097168 8.824025 3 5.119607
1 0.8902832 8.824025 3 4.934004
1 2.490283 8.824025 3 5.166296
1 4.090283 8.824025 3 4.793972
1 5.690283 8.824025 3 4.372296
1 7.290283 8.824025 3 3.955594
1 8.890283 8.824025 3 3.969333
1 10.49028 8.824025 3 2.816984
1 12.09028 8.824025 3 2.946831
1 -11.90972 10.42403 3 2.416453
1 -10.30972 10.42403 3 2.532002
1 -8.709717 10.42403 3 3.42543
1 -7.109717 10.42403 3 3.649339
1 -5.509717 10.42403 3 3.449361
1 -3.909717 10.42403 3 4.106408
1 -2.309717 10.42403 3 4.436309
1 -0.7097168 10.42403 3 4.571534
1 0.8902832 10.42403 3 4.484408
1 2.490283 10.42403 3 4.510936
1 4.090283 10.42403 3 4.224453
1 5.690283 10.42403 3 4.047232
1 7.290283 10.42403 3 3.652965
1 8.890283 10.42403 3 3.110625
1 10.49028 10.42403 3 3.100179
1 12.09028 10.42403 3 2.928868
1 -10.30972 12.02403 3 2.587872
1 -8.709717 12.02403 3 2.988491
1 -7.109717 12.02403 3 2.722384
1 -5.509717 12.02403 3 3.292405
1 -3.909717 12.02403 3 4.003519
1 -2.309717 12.02403 3 3.751886
1 -0.7097168 12.02403 3 4.026914
1 0.8902832 12.02403 3 4.051555
1 2.490283 12.02403 3 3.578064
1 4.090283 12.02403 3 3.685192
1 5.690283 12.02403 3 3.548567
1 7.290283 12.02403 3 3.17621
1 8.890283 12.02403 3 3.036991
1 10.49028 12.02403 3 2.534735
1 -8.720336 -11.96172 4 2.315192
1 -7.120336 -11.96172 4 2.48869
1 -5.520336 -11.96172 4 2.644457
1 -3.920336 -11.96172 4 3.245952
1 -2.320336 -11.96172 4 3.291752
1 -0.7203359 -11.96172 4 3.432593
1 0.8796641 -11.96172 4 3.237273
1 2.479664 -11.96172 4 3.085238
1 4.079664 -11.96172 4 3.017356
1 5.679664 -11.96172 4 2.783908
1 7.279664 -11.96172 4 2.205986
1 8.879664 -11.96172 4 2.80773
1 -10.32034 -10.36172 4 2.091219
1 -8.720336 -10.36172 4 2.432055
1 -7.120336 -10.36172 4 2.59303
1 -5.520336 -10.36172 4 3.130506
1 -3.920336 -10.36172 4 3.146761
1 -2.320336 -10.36172 4 3.549143
1 -0.7203359 -10.36172 4 4.092958
1 0.8796641 -10.36172 4 3.773003
1 2.479664 -10.36172 4 3.08703
1 4.079664 -10.36172 4 3.478498
1 5.679664 -10.36172 4 3.166699
1 7.279664 -10.36172 4 3.378052
1 8.879664 -10.36172 4 2.73557
1 10.47966 -10.36172 4 2.250065
1 -11.92034 -8.761716 4 2.281482
1 -10.32034 -8.761716 4 2.906775
1 -8.720336 -8.761716 4 2.730248
1 -7.120336 -8.761716 4 3.095432
1 -5.520336 -8.761716 4 3.834736
1 -3.920336 -8.761716 4 4.067618
1 -2.320336 -8.761716 4 3.94469
1 -0.7203359 -8.761716 4 3.988308
1 0.8796641 -8.761716 4 4.042228
1 2.479664 -8.761716 4 4.293631
1 4.079664 -8.761716 4 3.853081
1 5.679664 -8.761716 4 3.653269
1 7.279664 -8.761716 4 3.694606
1 8.879664 -8.761716 4 3.171098
1 10.47966 -8.761716 4 2.913544
1 12.07966 -8.761716 4 2.699884
1 -11.92034 -7.161716 4 2.427821
1 -10.32034 -7.161716 4 2.866898
1 -8.720336 -7.161716 4 3.328556
1 -7.120336 -7.161716 4 3.783689
1 -5.520336 -7.161716 4 3.891683
1 -3.920336 -7.161716 4 4.36084
1 -2.320336 -7.161716 4 4.331004
1 -0.7203359 -7.161716 4 4.702142
1 0.8796641 -7.161716 4 4.37697
1 2.479664 -7.161716 4 4.450074
1 4.079664 -7.161716 4 4.651994
1 5.679664 -7.161716 4 3.93102
1 7.279664 -7.161716 4 3.495181
1 8.879664 -7.161716 4 3.433108
1 10.47966 -7.161716 4 2.143669
1 12.07966 -7.161716 4 2.531512
1 -11.92034 -5.561716 4 2.769763
1 -10.32034 -5.561716 4 3.734135
1 -8.720336 -5.561716 4 3.448385
1 -7.120336 -5.561716 4 3.816521
1 -5.520336 -5.561716 4 4.976254
1 -3.920336 -5.561716 4 4.813297
1 -2.320336 -5.561716 4 4.940033
1 -0.7203359 -5.561716 4 5.180235
1 0.8796641 -5.561716 4 4.94037
1 2.479664 -5.561716 4 4.638741
1 4.079664 -5.561716 4 4.914224
1 5.679664 -5.561716 4 4.427148
1 7.279664 -5.561716 4 3.992347
1 8.879664 -5.561716 4 3.259673
1 10.47966 -5.561716 4 2.949124
1 12.07966 -5.561716 4 2.838668
1 -11.92034 -3.961716 4 2.654537
1 -10.32034 -3.961716 4 3.483953
1 -8.720336 -3.961716 4 4.148964
1 -7.120336 -3.961716 4 4.540925
1 -5.520336 -3.961716 4 4.389299
1 -3.920336 -3.961716 4 5.083955
1 -2.320336 -3.961716 4 5.269061
1 -0.7203359 -3.961716 4 5.588774
1 0.8796641 -3.961716 4 5.458338
1 2.479664 -3.961716 4 4.939474
1 4.079664 -3.961716 4 4.967626
1 5.679664 -3.961716 4 5.003283
1 7.279664 -3.961716 4 4.537788
1 8.879664 -3.961716 4 4.296074
1 10.47966 -3.961716 4 3.113886
1 12.07966 -3.961716 4 2.724758
1 -11.92034 -2.361716 4 2.92317
1 -10.32034 -2.361716 4 3.758766
1 -8.720336 -2.361716 4 4.042612
1 -7.120336 -2.361716 4 4.878898
1 -5.520336 -2.361716 4 5.081512
1 -3.920336 -2.361716 4 5.302195
1 -2.320336 -2.361716 4 5.896548
1 -0.7203359 -2.361716 4 5.599828
1 0.8796641 -2.361716 4 5.643197
1 2.479664 -2.361716 4 5.446132
1 4.079664 -2.361716 4 5.225321
1 5.679664 -2.361716 4 4.761241
1 7.279664 -2.361716 4 4.187705
1 8.879664 -2.361716 4 3.961364
1 10.47966 -2.361716 4 3.516757
1 12.07966 -2.361716 4 3.473659
1 -11.92034 -0.7617164 4 3.376093
1 -10.32034 -0.7617164 4 3.499527
1 -8.720336 -0.7617164 4 4.343635
1 -7.120336 -0.7617164 4 4.342435
1 -5.520336 -0.7617164 4 5.082167
1 -3.920336 -0.7617164 4 5.480474
1 -2.320336 -0.7617164 4 5.045882
1 -0.7203359 -0.7617164 4 5.628006
1 0.8796641 -0.7617164 4 5.157879
1 2.479664 -0.7617164 4 5.017615
1 4.079664 -0.7617164 4 5.051859
1 5.679664 -0.7617164 4 4.559527
1 7.279664 -0.7617164 4 4.510761
1 8.879664 -0.7617164 4 4.316637
1 10.47966 -0.7617164 4 3.448215
1 12.07966 -0.7617164 4 2.774786
1 -11.92034 0.8382836 4 2.998094
1 -10.32034 0.8382836 4 3.590148
1 -8.720336 0.8382836 4 4.171826
1 -7.120336 0.8382836 4 4.725662
1 -5.520336 0.8382836 4 4.990961
1 -3.920336 0.8382836 4 5.343426
1 -2.320336 0.8382836 4 5.750991
1 -0.7203359 0.8382836 4 5.725017
1 0.8796641 0.8382836 4 5.122864
1 2.479664 0.8382836 4 5.593032
1 4.079664 0.8382836 4 5.367178
1 5.679664 0.8382836 4 5.382453
1 7.279664 0.8382836 4 4.846327
1 8.879664 0.8382836 4 4.37924
1 10.47966 0.8382836 4 3.513537
1 12.07966 0.8382836 4 3.342675
1 -11.92034 2.438284 4 3.194037
1 -10.32034 2.438284 4 3.192575
1 -8.720336 2.438284 4 3.784055
1 -7.120336 2.438284 4 4.851564
1 -5.520336 2.438284 4 4.826236
1 -3.920336 2.438284 4 5.595506
1 -2.320336 2.438284 4 5.603864
1 -0.7203359 2.438284 4 5.202481
1 0.8796641 2.438284 4 5.335482
1 2.479664 2.438284 4 5.114783
1 4.079664 2.438284 4 5.31414
1 5.679664 2.438284 4 4.056603
1 7.279664 2.438284 4 4.811012
1 8.879664 2.438284 4 4.089797
1 10.47966 2.438284 4 3.71362
1 12.07966 2.438284 4 2.961167
1 -11.92034 4.038284 4 3.251152
1 -10.32034 4.038284 4 3.406471
1 -8.720336 4.038284 4 3.593028
1 -7.120336 4.038284 4 4.28453
1 -5.520336 4.038284 4 4.946671
1 -3.920336 4.038284 4 4.69069
1 -2.320336 4.038284 4 5.248713
1 -0.7203359 4.038284 4 5.163498
1 0.8796641 4.038284 4 4.976174
1 2.479664 4.038284 4 5.790632
1 4.079664 4.038284 4 5.094052
1 5.679664 4.038284 4 4.85001
1 7.279664 4.038284 4 4.335454
1 8.879664 4.038284 4 3.443113
1 10.47966 4.038284 4 3.377329
1 12.07966 4.038284 4 3.229369
1 -11.92034 5.638284 4 3.061923
1 -10.32034 5.638284 4 3.018758
1 -8.720336 5.638284 4 3.967561
1 -7.120336 5.638284 4 4.391858
1 -5.520336 5.638284 4 4.60854
1 -3.920336 5.638284 4 5.137898
1 -2.320336 5.638284 4 5.195242
1 -0.7203359 5.638284 4 5.184005
1 0.8796641 5.638284 4 4.565982
1 2.479664 5.638284 4 5.113577
1 4.079664 5.638284 4 4.740569
1 5.679664 5.638284 4 4.195521
1 7.279664 5.638284 4 3.97953
1 8.879664 5.638284 4 3.339551
1 10.47966 5.638284 4 3.452179
1 12.07966 5.638284 4 2.675114
1 -11.92034 7.238284 4 2.172526
1 -10.32034 7.238284 4 2.927835
1 -8.720336 7.238284 4 2.963902
1 -7.120336 7.238284 4 3.336415
1 -5.520336 7.238284 4 3.565705
1 -3.920336 7.238284 4 4.134595
1 -2.320336 7.238284 4 4.389823
1 -0.7203359 7.238284 4 4.870624
1 0.8796641 7.238284 4 4.464423
1 2.479664 7.238284 4 4.798125
1 4.079664 7.238284 4 3.970798
1 5.679664 7.238284 4 3.785637
1 7.279664 7.238284 4 3.400913
1 8.879664 7.238284 4 2.923976
1 10.47966 7.238284 4 2.745262
1 12.07966 7.238284 4 2.477169
1 -11.92034 8.838284 4 2.089692
1 -10.32034 8.838284 4 2.610108
1 -8.720336 8.838284 4 3.200596
1 -7.120336 8.838284 4 3.525132
1 -5.520336 8.838284 4 3.161429
1 -3.920336 8.838284 4 3.911775
1 -2.320336 8.838284 4 3.729826
1 -0.7203359 8.838284 4 4.066363
1 0.8796641 8.838284 4 4.118975
1 2.479664 8.838284 4 3.85038
1 4.079664 8.838284 4 3.634504
1 5.679664 8.838284 4 3.619074
1 7.279664 8.838284 4 3.303093
1 8.879664 8.838284 4 2.522168
1 10.47966 8.838284 4 2.375386
1 12.07966 8.838284 4 2.594448
1 -10.32034 10.43828 4 2.453504
1 -8.720336 10.43828 4 2.560547
1 -7.120336 10.43828 4 2.720413
1 -5.520336 10.43828 4 3.168703
1 -3.920336 10.43828 4 3.401106
1 -2.320336 10.43828 4 3.711314
1 -0.7203359 10.43828 4 3.535554
1 0.8796641 10.43828 4 3.375497
1 2.479664 10.43828 4 3.185758
1 4.079664 10.43828 4 2.722904
1 5.679664 10.43828 4 3.282093
1 7.279664 10.43828 4 2.898311
1 8.879664 10.43828 4 2.871016
1 10.47966 10.43828 4 2.188079
1 -8.720336 12.03828 4 2.269042
1 -7.120336 12.03828 4 2.90273
1 -5.520336 12.03828 4 2.469767
1 -3.920336 12.03828 4 2.90745
1 -2.320336 12.03828 4 3.181106
1 -0.7203359 12.03828 4 3.023213
1 0.8796641 12.03828 4 3.26791
1 2.479664 12.03828 4 3.152022
1 4.079664 12.03828 4 2.683655
1 5.679664 12.03828 4 2.751776
1 7.279664 12.03828 4 2.43491
1 8.879664 12.03828 4 2.386455
1 -3.933943 -11.94561 5 1.968479
1 -2.333943 -11.94561 5 1.895189
1 -0.7339428 -11.94561 5 2.768858
1 0.8660572 -11.94561 5 2.289995
1 2.466057 -11.94561 5 2.11539
1 4.066057 -11.94561 5 2.059872
1 -7.133943 -10.34561 5 1.975782
1 -5.533943 -10.34561 5 2.697957
1 -3.933943 -10.34561 5 2.549171
1 -2.333943 -10.34561 5 2.873423
1 -0.7339428 -10.34561 5 2.60665
1 0.8660572 -10.34561 5 2.165283
1 2.466057 -10.34561 5 2.657924
1 4.066057 -10.34561 5 2.800702
1 5.666057 -10.34561 5 2.31157
1 7.266057 -10.34561 5 1.997884
1 -8.733943 -8.745611 5 1.781835
1 -7.133943 -8.745611 5 2.119155
1 -5.533943 -8.745611 5 2.858398
1 -3.933943 -8.745611 5 3.307245
1 -2.333943 -8.745611 5 3.411555
1 -0.7339428 -8.745611 5 3.217788
1 0.8660572 -8.745611 5 3.455712
1 2.466057 -8.745611 5 3.326862
1 4.066057 -8.745611 5 2.980666
1 5.666057 -8.745611 5 2.734216
1 7.266057 -8.745611 5 2.841265
1 8.866057 -8.745611 5 1.560259
1 -10.33394 -7.145611 5 1.935352
1 -8.733943 -7.145611 5 2.418135
1 -7.133943 -7.145611 5 2.686175
1 -5.533943 -7.145611 5 3.375897
1 -3.933943 -7.145611 5 3.585423
1 -2.333943 -7.145611 5 3.345875
1 -0.7339428 -7.145611 5 3.87086
1 0.8660572 -7.145611 5 3.930508
1 2.466057 -7.145611 5 3.325479
1 4.066057 -7.145611 5 3.351799
1 5.666057 -7.145611 5 3.543416
1 7.266057 -7.145611 5 2.926495
1 8.866057 -7.145611 5 2.680564
1 10.46606 -7.145611 5 2.547868
1 -10.33394 -5.545611 5 2.600431
1 -8.733943 -5.545611 5 2.728358
1 -7.133943 -5.545611 5 3.225953
1 -5.533943 -5.545611 5 3.383089
1 -3.933943 -5.545611 5 3.646782
1 -2.333943 -5.545611 5 4.090813
1 -0.7339428 -5.545611 5 4.09535
1 0.8660572 -5.545611 5 4.432775
1 2.466057 -5.545611 5 3.940585
1 4.066057 -5.545611 5 3.657411
1 5.666057 -5.545611 5 3.290951
1 7.266057 -5.545611 5 3.412034
1 8.866057 -5.545611 5 2.63006
1 10.46606 -5.545611 5 2.182101
1 -11.93394 -3.945611 5 1.98814
1 -10.33394 -3.945611 5 2.935421
1 -8.733943 -3.945611 5 3.13043
1 -7.133943 -3.945611 5 3.231703
1 -5.533943 -3.945611 5 3.927942
1 -3.933943 -3.945611 5 4.300467
1 -2.333943 -3.945611 5 4.801859
1 -0.7339428 -3.945611 5 4.593067
1 0.8660572 -3.945611 5 4.876742
1 2.466057 -3.945611 5 4.814338
1 4.066057 -3.945611 5 4.730125
1 5.666057 -3.945611 5 3.843394
1 7.266057 -3.945611 5 3.431408
1 8.866057 -3.945611 5 3.267317
1 10.46606 -3.945611 5 2.589106
1 12.06606 -3.945611 5 2.162764
1 -11.93394 -2.345611 5 2.559743
1 -10.33394 -2.345611 5 2.875665
1 -8.733943 -2.345611 5 3.134277
1 -7.133943 -2.345611 5 3.215061
1 -5.533943 -2.345611 5 4.077384
1 -3.933943 -2.345611 5 4.803025
1 -2.333943 -2.345611 5 4.695071
1 -0.7339428 -2.345611 5 4.391959
1 0.8660572 -2.345611 5 5.03765
1 2.466057 -2.345611 5 4.667323
1 4.066057 -2.345611 5 4.492738
1 5.666057 -2.345611 5 4.073951
1 7.266057 -2.345611 5 3.327193
1 8.866057 -2.345611 5 3.086002
1 10.46606 -2.345611 5 2.523704
1 12.06606 -2.345611 5 2.160639
1 -11.93394 -0.7456106 5 2.133979
1 -10.33394 -0.7456106 5 2.616389
1 -8.733943 -0.7456106 5 3.078723
1 -7.133943 -0.7456106 5 4.189894
1 -5.533943 -0.7456106 5 4.385497
1 -3.933943 -0.7456106 5 4.746524
1 -2.333943 -0.7456106 5 5.398463
1 -0.7339428 -0.7456106 5 4.836117
1 0.8660572 -0.7456106 5 5.202667
1 2.466057 -0.7456106 5 4.715884
1 4.066057 -0.7456106 5 4.550087
1 5.666057 -0.7456106 5 4.363904
1 7.266057 -0.7456106 5 3.595492
1 8.866057 -0.7456106 5 3.099967
1 10.46606 -0.7456106 5 3.094248
1 12.06606 -0.7456106 5 2.670754
1 -11.93394 0.8543894 5 2.089481
1 -10.33394 0.8543894 5 2.716444
1 -8.733943 0.8543894 5 3.468569
1 -7.133943 0.8543894 5 3.268893
1 -5.533943 0.8543894 5 4.126719
1 -3.933943 0.8543894 5 4.904614
1 -2.333943 0.8543894 5 5.064769
1 -0.7339428 0.8543894 5 4.983849
1 0.8660572 0.8543894 5 4.80822
1 2.466057 0.8543894 5 5.171422
1 4.066057 0.8543894 5 5.035508
1 5.666057 0.8543894 5 3.688246
1 7.266057 0.8543894 5 3.634129
1 8.866057 0.8543894 5 3.705796
1 10.46606 0.8543894 5 2.847258
1 12.06606 0.8543894 5 2.221675
1 -11.93394 2.454389 5 1.923506
1 -10.33394 2.454389 5 2.561558
1 -8.733943 2.454389 5 3.319846
1 -7.133943 2.454389 5 3.672973
1 -5.533943 2.454389 5 3.988793
1 -3.933943 2.454389 5 4.290466
1 -2.333943 2.454389 5 4.79594
1 -0.7339428 2.454389 5 4.668057
1 0.8660572 2.454389 5 5.63769
1 2.466057 2.454389 5 5.215983
1 4.066057 2.454389 5 4.69022
1 5.666057 2.454389 5 4.13158
1 7.266057 2.454389 5 3.506948
1 8.866057 2.454389 5 3.591456
1 10.46606 2.454389 5 2.331171
1 12.06606 2.454389 5 2.456097
1 -11.93394 4.054389 5 2.166948
1 -10.33394 4.054389 5 2.733297
1 -8.733943 4.054389 5 3.311787
1 -7.133943 4.054389 5 3.410362
1 -5.533943 4.054389 5 3.902985
1 -3.933943 4.054389 5 3.539549
1 -2.333943 4.054389 5 4.481115
1 -0.7339428 4.054389 5 4.878503
1 0.8660572 4.054389 5 5.217727
1 2.466057 4.054389 5 4.234091
1 4.066057 4.054389 5 4.293865
1 5.666057 4.054389 5 3.858081
1 7.266057 4.054389 5 3.758399
1 8.866057 4.054389 5 2.897367
1 10.46606 4.054389 5 2.516378
1 12.06606 4.054389 5 1.868062
1 -10.33394 5.654389 5 2.040755
1 -8.733943 5.654389 5 2.686748
1 -7.133943 5.654389 5 2.979718
1 -5.533943 5.654389 5 3.475331
1 -3.933943 5.654389 5 3.68147
1 -2.333943 5.654389 5 4.518222
1 -0.7339428 5.654389 5 4.093135
1 0.8660572 5.654389 5 4.227188
1 2.466057 5.654389 5 4.003211
1 4.066057 5.654389 5 4.031103
1 5.666057 5.654389 5 3.833196
1 7.266057 5.654389 5 3.040701
1 8.866057 5.654389 5 2.469685
1 10.46606 5.654389 5 2.432851
1 -10.33394 7.254389 5 2.27925
1 -8.733943 7.254389 5 2.503904
1 -7.133943 7.254389 5 2.479597
1 -5.533943 7.254389 5 3.282547
1 -3.933943 7.254389 5 3.114544
1 -2.333943 7.254389 5 3.954178
1 -0.7339428 7.254389 5 3.829037
1 0.8660572 7.254389 5 4.144799
1 2.466057 7.254389 5 3.599627
1 4.066057 7.254389 5 3.023608
1 5.666057 7.254389 5 2.782237
1 7.266057 7.254389 5 3.122193
1 8.866057 7.254389 5 2.301283
1 10.46606 7.254389 5 1.86383
1 -8.733943 8.854389 5 1.528631
1 -7.133943 8.854389 5 2.340319
1 -5.533943 8.854389 5 2.814619
1 -3.933943 8.854389 5 2.871686
1 -2.333943 8.854389 5 3.093378
1 -0.7339428 8.854389 5 3.107482
1 0.8660572 8.854389 5 3.279354
1 2.466057 8.854389 5 3.305212
1 4.066057 8.854389 5 3.29058
1 5.666057 8.854389 5 2.332733
1 7.266057 8.854389 5 2.507622
1 8.866057 8.854389 5 2.098145
1 -7.133943 10.45439 5 2.489238
1 -5.533943 10.45439 5 2.630319
1 -3.933943 10.45439 5 2.002934
1 -2.333943 10.45439 5 2.364863
1 -0.7339428 10.45439 5 2.649995
1 0.8660572 10.45439 5 3.200798
1 2.466057 10.45439 5 2.68948
1 4.066057 10.45439 5 2.540741
1 5.666057 10.45439 5 2.355123
1 7.266057 10.45439 5 2.257056
1 -3.933943 12.05439 5 1.847316
1 -2.333943 12.05439 5 2.280699
1 -0.7339428 12.05439 5 2.271778
1 0.8660572 12.05439 5 1.978311
1 2.466057 12.05439 5 2.65207
1 4.066057 12.05439 5 2.288382
1 -3.945026 -8.732994 6 1.991899
1 -2.345026 -8.732994 6 1.881103
1 -0.7450263 -8.732994 6 1.624544
1 0.8549737 -8.732994 6 1.276949
1 2.454974 -8.732994 6 1.754289
1 4.054974 -8.732994 6 1.351671
1 -5.545026 -7.132994 6 1.468269
1 -3.945026 -7.132994 6 2.58869
1 -2.345026 -7.132994 6 2.580443
1 -0.7450263 -7.132994 6 2.677971
1 0.8549737 -7.132994 6 2.257973
1 2.454974 -7.132994 6 2.428342
1 4.054974 -7.132994 6 2.224457
1 5.654974 -7.132994 6 1.474821
1 -7.145026 -5.532994 6 1.706097
1 -5.545026 -5.532994 6 1.955258
1 -3.945026 -5.532994 6 2.167562
1 -2.345026 -5.532994 6 2.570761
1 -0.7450263 -5.532994 6 2.411553
1 0.8549737 -5.532994 6 2.995498
1 2.454974 -5.532994 6 2.36854
1 4.054974 -5.532994 6 2.192873
1 5.654974 -5.532994 6 2.359932
1 7.254974 -5.532994 6 1.968552
1 -8.745026 -3.932994 6 1.758427
1 -7.145026 -3.932994 6 2.14867
1 -5.545026 -3.932994 6 2.687675
1 -3.945026 -3.932994 6 2.859482
1 -2.345026 -3.932994 6 3.209955
1 -0.7450263 -3.932994 6 3.03706
1 0.8549737 -3.932994 6 3.508071
1 2.454974 -3.932994 6 2.709702
1 4.054974 -3.932994 6 2.922178
1 5.654974 -3.932994 6 2.594424
1 7.254974 -3.932994 6 2.458096
1 8.854974 -3.932994 6 1.96234
1 -8.745026 -2.332994 6 2.528428
1 -7.145026 -2.332994 6 2.11534
1 -5.545026 -2.332994 6 2.439707
1 -3.945026 -2.332994 6 3.364401
1 -2.345026 -2.332994 6 3.578753
1 -0.7450263 -2.332994 6 4.146503
1 0.8549737 -2.332994 6 3.712291
1 2.454974 -2.332994 6 3.346098
1 4.054974 -2.332994 6 3.376182
1 5.654974 -2.332994 6 2.671922
1 7.254974 -2.332994 6 2.553493
1 8.854974 -2.332994 6 2.027359
1 -8.745026 -0.7329938 6 1.795498
1 -7.145026 -0.7329938 6 2.458768
1 -5.545026 -0.7329938 6 3.334222
1 -3.945026 -0.7329938 6 3.572553
1 -2.345026 -0.7329938 6 3.953582
1 -0.7450263 -0.7329938 6 4.396247
1 0.8549737 -0.7329938 6 4.279199
1 2.454974 -0.7329938 6 3.668549
1 4.054974 -0.7329938 6 3.674825
1 5.654974 -0.7329938 6 2.599483
1 7.254974 -0.7329938 6 2.140657
1 8.854974 -0.7329938 6 2.018612
1 -8.745026 0.8670062 6 2.061768
1 -7.145026 0.8670062 6 2.02545
1 -5.545026 0.8670062 6 2.605624
1 -3.945026 0.8670062 6 3.844026
1 -2.345026 0.8670062 6 3.837658
1 -0.7450263 0.8670062 6 4.181585
1 0.8549737 0.8670062 6 3.521518
1 2.454974 0.8670062 6 4.13661
1 4.054974 0.8670062 6 3.337449
1 5.654974 0.8670062 6 2.984765
1 7.254974 0.8670062 6 2.474853
1 8.854974 0.8670062 6 2.03821
1 -8.745026 2.467006 6 2.272104
1 -7.145026 2.467006 6 2.190523
1 -5.545026 2.467006 6 2.397794
1 -3.945026 2.467006 6 2.663843
1 -2.345026 2.467006 6 3.556374
1 -0.7450263 2.467006 6 3.682936
1 0.8549737 2.467006 6 3.777562
1 2.454974 2.467006 6 3.600594
1 4.054974 2.467006 6 3.727745
1 5.654974 2.467006 6 2.895762
1 7.254974 2.467006 6 2.234444
1 8.854974 2.467006 6 2.185067
1 -8.745026 4.067006 6 1.255535
1 -7.145026 4.067006 6 1.978092
1 -5.545026 4.067006 6 2.958337
1 -3.945026 4.067006 6 2.817907
1 -2.345026 4.067006 6 3.470178
1 -0.7450263 4.067006 6 3.481559
1 0.8549737 4.067006 6 3.38835
1 2.454974 4.067006 6 2.529542
1 4.054974 4.067006 6 3.050213
1 5.654974 4.067006 6 2.341261
1 7.254974 4.067006 6 2.008762
1 8.854974 4.067006 6 1.597605
1 -7.145026 5.667006 6 1.819958
1 -5.545026 5.667006 6 2.132317
1 -3.945026 5.667006 6 2.899961
1 -2.345026 5.667006 6 2.193242
1 -0.7450263 5.667006 6 2.601666
1 0.8549737 5.667006 6 3.055888
1 2.454974 5.667006 6 2.831063
1 4.054974 5.667006 6 2.816514
1 5.654974 5.667006 6 1.988767
1 7.254974 5.667006 6 1.465991
1 -5.545026 7.267006 6 1.550236
1 -3.945026 7.267006 6 2.660467
1 -2.345026 7.267006 6 2.366769
1 -0.7450263 7.267006 6 2.349612
1 0.8549737 7.267006 6 2.200785
1 2.454974 7.267006 6 1.589379
1 4.054974 7.267006 6 2.020695
1 5.654974 7.267006 6 1.607751
1 -3.945026 8.867006 6 1.480539
1 -2.345026 8.867006 6 2.203746
1 -0.7450263 8.867006 6 1.496397
1 0.8549737 8.867006 6 2.03295
1 2.454974 8.867006 6 1.877138
1 4.054974 8.867006 6 1.697834
