1 0.3933333 -12 -12 -5
1 0.7072337 -10.4 -12 -5
1 0.5713536 -8.8 -12 -5
1 1.299787 -7.2 -12 -5
1 1.097835 -5.6 -12 -5
1 0.9090227 -4 -12 -5
1 1.308955 -2.4 -12 -5
1 1.410565 -0.8 -12 -5
1 1.369929 0.8 -12 -5
1 1.11075 2.4 -12 -5
1 1.492085 4 -12 -5
1 1.112919 5.6 -12 -5
1 0.745657 7.2 -12 -5
1 0.2265858 8.8 -12 -5
1 0.9425556 10.4 -12 -5
1 0.5387134 12 -12 -5
1 0.6572753 -12 -10.4 -5
1 1.038618 -10.4 -10.4 -5
1 1.161287 -8.8 -10.4 -5
1 1.262615 -7.2 -10.4 -5
1 1.49635 -5.6 -10.4 -5
1 1.595544 -4 -10.4 -5
1 1.51852 -2.4 -10.4 -5
1 1.056217 -0.8 -10.4 -5
1 1.708511 0.8 -10.4 -5
1 1.485847 2.4 -10.4 -5
1 1.361061 4 -10.4 -5
1 0.8989171 5.6 -10.4 -5
1 0.9946023 7.2 -10.4 -5
1 1.060467 8.8 -10.4 -5
1 1.142329 10.4 -10.4 -5
1 0.6356259 12 -10.4 -5
1 0.8771787 -12 -8.8 -5
1 0.9425301 -10.4 -8.8 -5
1 0.805582 -8.8 -8.8 -5
1 1.249747 -7.2 -8.8 -5
1 1.454982 -5.6 -8.8 -5
1 1.717022 -4 -8.8 -5
1 2.142477 -2.4 -8.8 -5
1 2.131968 -0.8 -8.8 -5
1 1.900043 0.8 -8.8 -5
1 1.80413 2.4 -8.8 -5
1 1.906091 4 -8.8 -5
1 1.692721 5.6 -8.8 -5
1 1.181307 7.2 -8.8 -5
1 0.9729731 8.8 -8.8 -5
1 1.047127 10.4 -8.8 -5
1 0.972394 12 -8.8 -5
1 0.8728806 -12 -7.2 -5
1 1.334417 -10.4 -7.2 -5
1 1.453022 -8.8 -7.2 -5
1 1.456961 -7.2 -7.2 -5
1 1.95275 -5.6 -7.2 -5
1 1.819869 -4 -7.2 -5
1 2.642807 -2.4 -7.2 -5
1 2.880288 -0.8 -7.2 -5
1 2.293383 0.8 -7.2 -5
1 2.023517 2.4 -7.2 -5
1 2.244639 4 -7.2 -5
1 1.833707 5.6 -7.2 -5
1 2.210372 7.2 -7.2 -5
1 1.343685 8.8 -7.2 -5
1 1.286575 10.4 -7.2 -5
1 0.9079677 12 -7.2 -5
1 0.8296402 -12 -5.6 -5
1 1.313803 -10.4 -5.6 -5
1 1.102315 -8.8 -5.6 -5
1 2.233859 -7.2 -5.6 -5
1 2.228759 -5.6 -5.6 -5
1 3.036299 -4 -5.6 -5
1 2.853959 -2.4 -5.6 -5
1 2.694254 -0.8 -5.6 -5
1 3.024422 0.8 -5.6 -5
1 2.501557 2.4 -5.6 -5
1 2.179738 4 -5.6 -5
1 2.263307 5.6 -5.6 -5
1 1.756648 7.2 -5.6 -5
1 1.553831 8.8 -5.6 -5
1 1.28519 10.4 -5.6 -5
1 0.8680782 12 -5.6 -5
1 0.9719726 -12 -4 -5
1 1.366215 -10.4 -4 -5
1 2.026372 -8.8 -4 -5
1 1.721318 -7.2 -4 -5
1 2.641633 -5.6 -4 -5
1 2.954978 -4 -4 -5
1 3.452312 -2.4 -4 -5
1 3.29528 -0.8 -4 -5
1 3.46383 0.8 -4 -5
1 3.253311 2.4 -4 -5
1 2.736111 4 -4 -5
1 2.795113 5.6 -4 -5
1 2.39231 7.2 -4 -5
1 1.906904 8.8 -4 -5
1 1.796718 10.4 -4 -5
1 1.253761 12 -4 -5
1 0.8679494 -12 -2.4 -5
1 1.356562 -10.4 -2.4 -5
1 1.561317 -8.8 -2.4 -5
1 2.166201 -7.2 -2.4 -5
1 2.57999 -5.6 -2.4 -5
1 3.197066 -4 -2.4 -5
1 3.35441 -2.4 -2.4 -5
1 3.871287 -0.8 -2.4 -5
1 3.668134 0.8 -2.4 -5
1 4.023962 2.4 -2.4 -5
1 3.365714 4 -2.4 -5
1 2.962625 5.6 -2.4 -5
1 2.380597 7.2 -2.4 -5
1 2.288015 8.8 -2.4 -5
1 1.340945 10.4 -2.4 -5
1 1.071686 12 -2.4 -5
1 1.584054 -12 -0.8 -5
1 1.390881 -10.4 -0.8 -5
1 1.889328 -8.8 -0.8 -5
1 2.286986 -7.2 -0.8 -5
1 2.791742 -5.6 -0.8 -5
1 3.301547 -4 -0.8 -5
1 3.955327 -2.4 -0.8 -5
1 4.120367 -0.8 -0.8 -5
1 4.03821 0.8 -0.8 -5
1 4.16754 2.4 -0.8 -5
1 3.317681 4 -0.8 -5
1 2.826852 5.6 -0.8 -5
1 2.36014 7.2 -0.8 -5
1 2.11934 8.8 -0.8 -5
1 1.535164 10.4 -0.8 -5
1 1.216575 12 -0.8 -5
1 1.055569 -12 0.8 -5
1 1.472487 -10.4 0.8 -5
1 1.956214 -8.8 0.8 -5
1 2.237964 -7.2 0.8 -5
1 3.004615 -5.6 0.8 -5
1 2.991727 -4 0.8 -5
1 3.90842 -2.4 0.8 -5
1 3.780587 -0.8 0.8 -5
1 4.089455 0.8 0.8 -5
1 3.69971 2.4 0.8 -5
1 3.208302 4 0.8 -5
1 2.857516 5.6 0.8 -5
1 1.906598 7.2 0.8 -5
1 2.235319 8.8 0.8 -5
1 1.137312 10.4 0.8 -5
1 1.110101 12 0.8 -5
1 0.9081175 -12 2.4 -5
1 1.312174 -10.4 2.4 -5
1 2.389262 -8.8 2.4 -5
1 2.2889 -7.2 2.4 -5
1 2.413506 -5.6 2.4 -5
1 2.776385 -4 2.4 -5
1 3.694687 -2.4 2.4 -5
1 3.82714 -0.8 2.4 -5
1 3.752263 0.8 2.4 -5
1 3.3498 2.4 2.4 -5
1 2.814672 4 2.4 -5
1 2.466283 5.6 2.4 -5
1 2.534558 7.2 2.4 -5
1 1.712154 8.8 2.4 -5
1 1.153772 10.4 2.4 -5
1 1.65442 12 2.4 -5
1 1.220415 -12 4 -5
1 1.340348 -10.4 4 -5
1 1.996471 -8.8 4 -5
1 2.323815 -7.2 4 -5
1 2.338336 -5.6 4 -5
1 3.423266 -4 4 -5
1 3.12278 -2.4 4 -5
1 3.015202 -0.8 4 -5
1 3.335226 0.8 4 -5
1 3.238421 2.4 4 -5
1 3.448735 4 4 -5
1 2.519597 5.6 4 -5
1 2.216459 7.2 4 -5
1 1.712562 8.8 4 -5
1 1.31651 10.4 4 -5
1 1.105458 12 4 -5
1 1.212368 -12 5.6 -5
1 1.785416 -10.4 5.6 -5
1 1.810403 -8.8 5.6 -5
1 2.169448 -7.2 5.6 -5
1 1.882615 -5.6 5.6 -5
1 2.73912 -4 5.6 -5
1 2.790063 -2.4 5.6 -5
1 2.504928 -0.8 5.6 -5
1 3.001996 0.8 5.6 -5
1 2.695393 2.4 5.6 -5
1 2.859293 4 5.6 -5
1 1.998925 5.6 5.6 -5
1 1.759918 7.2 5.6 -5
1 1.322028 8.8 5.6 -5
1 1.222329 10.4 5.6 -5
1 1.115961 12 5.6 -5
1 0.7180301 -12 7.2 -5
1 1.321733 -10.4 7.2 -5
1 1.051475 -8.8 7.2 -5
1 1.347972 -7.2 7.2 -5
1 2.22776 -5.6 7.2 -5
1 1.848248 -4 7.2 -5
1 2.387545 -2.4 7.2 -5
1 2.289919 -0.8 7.2 -5
1 2.487538 0.8 7.2 -5
1 2.706769 2.4 7.2 -5
1 2.498857 4 7.2 -5
1 1.784744 5.6 7.2 -5
1 1.038659 7.2 7.2 -5
1 1.977911 8.8 7.2 -5
1 1.280906 10.4 7.2 -5
1 1.036299 12 7.2 -5
1 0.7769109 -12 8.8 -5
1 1.083508 -10.4 8.8 -5
1 1.108753 -8.8 8.8 -5
1 1.458669 -7.2 8.8 -5
1 1.453493 -5.6 8.8 -5
1 1.389298 -4 8.8 -5
1 2.11443 -2.4 8.8 -5
1 2.32111 -0.8 8.8 -5
1 1.863989 0.8 8.8 -5
1 1.554148 2.4 8.8 -5
1 1.892411 4 8.8 -5
1 1.542378 5.6 8.8 -5
1 0.9201909 7.2 8.8 -5
1 1.15038 8.8 8.8 -5
1 0.7984063 10.4 8.8 -5
1 0.6950186 12 8.8 -5
1 0.3721797 -12 10.4 -5
1 1.253444 -10.4 10.4 -5
1 0.8731984 -8.8 10.4 -5
1 0.7127614 -7.2 10.4 -5
1 1.315904 -5.6 10.4 -5
1 1.465804 -4 10.4 -5
1 1.253422 -2.4 10.4 -5
1 0.8313248 -0.8 10.4 -5
1 1.393435 0.8 10.4 -5
1 1.642506 2.4 10.4 -5
1 1.385079 4 10.4 -5
1 1.24206 5.6 10.4 -5
1 1.254345 7.2 10.4 -5
1 0.6593667 8.8 10.4 -5
1 1.076853 10.4 10.4 -5
1 0.6599868 12 10.4 -5
1 0.7267744 -12 12 -5
1 0.9198498 -10.4 12 -5
1 0.8361309 -8.8 12 -5
1 0.6812903 -7.2 12 -5
1 1.3062 -5.6 12 -5
1 0.6140986 -4 12 -5
1 1.0509 -2.4 12 -5
1 1.162066 -0.8 12 -5
1 1.184453 0.8 12 -5
1 1.442213 2.4 12 -5
1 1.148195 4 12 -5
1 1.11725 5.6 12 -5
1 0.8835535 7.2 12 -5
1 0.7183447 8.8 12 -5
1 0.8352105 10.4 12 -5
1 0.8365039 12 12 -5
1 0.620446 -12 -12 -4
1 1.558307 -10.4 -12 -4
1 1.707244 -8.8 -12 -4
1 1.700824 -7.2 -12 -4
1 2.222107 -5.6 -12 -4
1 2.035269 -4 -12 -4
1 2.168587 -2.4 -12 -4
1 2.510277 -0.8 -12 -4
1 2.725831 0.8 -12 -4
1 2.307183 2.4 -12 -4
1 2.027032 4 -12 -4
1 1.687075 5.6 -12 -4
1 1.724383 7.2 -12 -4
1 1.378605 8.8 -12 -4
1 1.350389 10.4 -12 -4
1 1.319815 12 -12 -4
1 1.202158 -12 -10.4 -4
1 2.312337 -10.4 -10.4 -4
1 1.932031 -8.8 -10.4 -4
1 2.41513 -7.2 -10.4 -4
1 1.781815 -5.6 -10.4 -4
1 2.726292 -4 -10.4 -4
1 2.348009 -2.4 -10.4 -4
1 2.978804 -0.8 -10.4 -4
1 2.848385 0.8 -10.4 -4
1 2.575188 2.4 -10.4 -4
1 2.872106 4 -10.4 -4
1 2.178788 5.6 -10.4 -4
1 1.987425 7.2 -10.4 -4
1 1.64276 8.8 -10.4 -4
1 1.483 10.4 -10.4 -4
1 1.651418 12 -10.4 -4
1 1.721988 -12 -8.8 -4
1 2.144318 -10.4 -8.8 -4
1 2.087718 -8.8 -8.8 -4
1 2.570648 -7.2 -8.8 -4
1 2.809894 -5.6 -8.8 -4
1 2.62433 -4 -8.8 -4
1 3.595658 -2.4 -8.8 -4
1 3.274904 -0.8 -8.8 -4
1 3.432692 0.8 -8.8 -4
1 3.389835 2.4 -8.8 -4
1 2.968253 4 -8.8 -4
1 2.672399 5.6 -8.8 -4
1 2.699974 7.2 -8.8 -4
1 1.923423 8.8 -8.8 -4
1 2.385862 10.4 -8.8 -4
1 1.517654 12 -8.8 -4
1 2.220677 -12 -7.2 -4
1 2.510631 -10.4 -7.2 -4
1 2.497297 -8.8 -7.2 -4
1 2.965127 -7.2 -7.2 -4
1 2.894913 -5.6 -7.2 -4
1 3.513861 -4 -7.2 -4
1 3.902445 -2.4 -7.2 -4
1 3.777374 -0.8 -7.2 -4
1 3.63907 0.8 -7.2 -4
1 3.477596 2.4 -7.2 -4
1 3.424129 4 -7.2 -4
1 3.418341 5.6 -7.2 -4
1 2.702328 7.2 -7.2 -4
1 2.446303 8.8 -7.2 -4
1 1.809043 10.4 -7.2 -4
1 1.930719 12 -7.2 -4
1 2.311329 -12 -5.6 -4
1 2.728356 -10.4 -5.6 -4
1 2.952529 -8.8 -5.6 -4
1 2.683603 -7.2 -5.6 -4
1 3.655636 -5.6 -5.6 -4
1 3.982615 -4 -5.6 -4
1 4.027962 -2.4 -5.6 -4
1 4.29113 -0.8 -5.6 -4
1 4.032499 0.8 -5.6 -4
1 4.286119 2.4 -5.6 -4
1 3.786806 4 -5.6 -4
1 3.142858 5.6 -5.6 -4
1 3.059188 7.2 -5.6 -4
1 3.089962 8.8 -5.6 -4
1 2.270525 10.4 -5.6 -4
1 2.167541 12 -5.6 -4
1 2.369225 -12 -4 -4
1 2.542141 -10.4 -4 -4
1 2.892814 -8.8 -4 -4
1 3.300685 -7.2 -4 -4
1 4.053478 -5.6 -4 -4
1 3.982644 -4 -4 -4
1 4.591328 -2.4 -4 -4
1 4.60541 -0.8 -4 -4
1 4.111563 0.8 -4 -4
1 4.177562 2.4 -4 -4
1 4.477513 4 -4 -4
1 3.820761 5.6 -4 -4
1 3.63393 7.2 -4 -4
1 3.452763 8.8 -4 -4
1 2.909512 10.4 -4 -4
1 2.301895 12 -4 -4
1 2.33466 -12 -2.4 -4
1 2.628871 -10.4 -2.4 -4
1 3.545523 -8.8 -2.4 -4
1 3.7906 -7.2 -2.4 -4
1 3.822917 -5.6 -2.4 -4
1 4.490864 -4 -2.4 -4
1 4.348106 -2.4 -2.4 -4
1 4.922625 -0.8 -2.4 -4
1 4.323358 0.8 -2.4 -4
1 5.156334 2.4 -2.4 -4
1 4.370889 4 -2.4 -4
1 4.008817 5.6 -2.4 -4
1 3.599212 7.2 -2.4 -4
1 3.304105 8.8 -2.4 -4
1 2.846655 10.4 -2.4 -4
1 2.381658 12 -2.4 -4
1 2.152788 -12 -0.8 -4
1 2.40803 -10.4 -0.8 -4
1 3.144112 -8.8 -0.8 -4
1 3.822083 -7.2 -0.8 -4
1 4.042738 -5.6 -0.8 -4
1 4.660575 -4 -0.8 -4
1 4.679524 -2.4 -0.8 -4
1 5.05709 -0.8 -0.8 -4
1 5.091381 0.8 -0.8 -4
1 4.934971 2.4 -0.8 -4
1 4.636807 4 -0.8 -4
1 4.689396 5.6 -0.8 -4
1 3.943251 7.2 -0.8 -4
1 3.51915 8.8 -0.8 -4
1 2.518051 10.4 -0.8 -4
1 2.33701 12 -0.8 -4
1 2.58463 -12 0.8 -4
1 2.734722 -10.4 0.8 -4
1 2.708952 -8.8 0.8 -4
1 3.838816 -7.2 0.8 -4
1 3.772269 -5.6 0.8 -4
1 4.474992 -4 0.8 -4
1 5.302441 -2.4 0.8 -4
1 5.213076 -0.8 0.8 -4
1 5.332085 0.8 0.8 -4
1 5.048091 2.4 0.8 -4
1 4.650245 4 0.8 -4
1 4.01743 5.6 0.8 -4
1 4.150833 7.2 0.8 -4
1 3.252545 8.8 0.8 -4
1 2.570071 10.4 0.8 -4
1 2.51223 12 0.8 -4
1 2.50828 -12 2.4 -4
1 3.150984 -10.4 2.4 -4
1 3.000301 -8.8 2.4 -4
1 3.543825 -7.2 2.4 -4
1 4.012256 -5.6 2.4 -4
1 4.435861 -4 2.4 -4
1 4.736176 -2.4 2.4 -4
1 4.89752 -0.8 2.4 -4
1 5.331895 0.8 2.4 -4
1 4.653449 2.4 2.4 -4
1 4.432733 4 2.4 -4
1 4.279446 5.6 2.4 -4
1 3.922735 7.2 2.4 -4
1 2.958023 8.8 2.4 -4
1 2.550049 10.4 2.4 -4
1 2.370575 12 2.4 -4
1 2.387017 -12 4 -4
1 2.47825 -10.4 4 -4
1 2.623396 -8.8 4 -4
1 3.860389 -7.2 4 -4
1 4.227348 -5.6 4 -4
1 4.070915 -4 4 -4
1 4.513508 -2.4 4 -4
1 4.237918 -0.8 4 -4
1 4.820216 0.8 4 -4
1 4.932862 2.4 4 -4
1 3.839188 4 4 -4
1 3.673689 5.6 4 -4
1 3.272815 7.2 4 -4
1 2.810611 8.8 4 -4
1 2.03272 10.4 4 -4
1 2.257819 12 4 -4
1 1.601404 -12 5.6 -4
1 2.347846 -10.4 5.6 -4
1 2.897099 -8.8 5.6 -4
1 3.101502 -7.2 5.6 -4
1 3.758131 -5.6 5.6 -4
1 3.862152 -4 5.6 -4
1 3.954396 -2.4 5.6 -4
1 4.410098 -0.8 5.6 -4
1 4.14005 0.8 5.6 -4
1 4.559464 2.4 5.6 -4
1 3.864016 4 5.6 -4
1 3.748332 5.6 5.6 -4
1 3.202341 7.2 5.6 -4
1 1.996841 8.8 5.6 -4
1 2.012568 10.4 5.6 -4
1 1.878328 12 5.6 -4
1 1.866342 -12 7.2 -4
1 1.546897 -10.4 7.2 -4
1 2.71698 -8.8 7.2 -4
1 2.672215 -7.2 7.2 -4
1 2.962831 -5.6 7.2 -4
1 3.044206 -4 7.2 -4
1 3.278068 -2.4 7.2 -4
1 3.766688 -0.8 7.2 -4
1 3.879947 0.8 7.2 -4
1 3.117071 2.4 7.2 -4
1 3.182019 4 7.2 -4
1 3.284993 5.6 7.2 -4
1 2.710062 7.2 7.2 -4
1 3.017897 8.8 7.2 -4
1 2.444015 10.4 7.2 -4
1 1.956016 12 7.2 -4
1 1.614784 -12 8.8 -4
1 1.962868 -10.4 8.8 -4
1 2.008771 -8.8 8.8 -4
1 2.63356 -7.2 8.8 -4
1 3.118906 -5.6 8.8 -4
1 3.251752 -4 8.8 -4
1 2.947739 -2.4 8.8 -4
1 2.836573 -0.8 8.8 -4
1 3.213878 0.8 8.8 -4
1 3.261273 2.4 8.8 -4
1 3.318643 4 8.8 -4
1 2.4192 5.6 8.8 -4
1 2.567651 7.2 8.8 -4
1 2.243623 8.8 8.8 -4
1 2.191517 10.4 8.8 -4
1 1.606585 12 8.8 -4
1 1.325797 -12 10.4 -4
1 1.363341 -10.4 10.4 -4
1 1.763673 -8.8 10.4 -4
1 2.042047 -7.2 10.4 -4
1 2.941734 -5.6 10.4 -4
1 3.152674 -4 10.4 -4
1 2.635394 -2.4 10.4 -4
1 2.487936 -0.8 10.4 -4
1 2.255619 0.8 10.4 -4
1 2.805738 2.4 10.4 -4
1 2.268398 4 10.4 -4
1 2.92526 5.6 10.4 -4
1 1.911174 7.2 10.4 -4
1 1.920804 8.8 10.4 -4
1 2.602614 10.4 10.4 -4
1 1.137895 12 10.4 -4
1 1.298112 -12 12 -4
1 1.138398 -10.4 12 -4
1 1.700476 -8.8 12 -4
1 1.588825 -7.2 12 -4
1 2.003679 -5.6 12 -4
1 2.058361 -4 12 -4
1 1.943859 -2.4 12 -4
1 2.298747 -0.8 12 -4
1 2.543824 0.8 12 -4
1 2.638162 2.4 12 -4
1 1.7894 4 12 -4
1 1.921951 5.6 12 -4
1 2.096997 7.2 12 -4
1 1.335007 8.8 12 -4
1 0.7829969 10.4 12 -4
1 0.9872444 12 12 -4
1 1.572686 -12 -12 -3
1 2.074721 -10.4 -12 -3
1 2.209913 -8.8 -12 -3
1 2.605056 -7.2 -12 -3
1 2.653355 -5.6 -12 -3
1 3.026349 -4 -12 -3
1 2.965128 -2.4 -12 -3
1 3.418587 -0.8 -12 -3
1 2.93673 0.8 -12 -3
1 3.129296 2.4 -12 -3
1 2.711607 4 -12 -3
1 2.81095 5.6 -12 -3
1 2.53525 7.2 -12 -3
1 1.889717 8.8 -12 -3
1 2.026792 10.4 -12 -3
1 2.109549 12 -12 -3
1 2.233199 -12 -10.4 -3
1 2.391611 -10.4 -10.4 -3
1 2.352273 -8.8 -10.4 -3
1 3.225126 -7.2 -10.4 -3
1 3.207056 -5.6 -10.4 -3
1 3.284042 -4 -10.4 -3
1 3.957216 -2.4 -10.4 -3
1 3.432331 -0.8 -10.4 -3
1 3.700569 0.8 -10.4 -3
1 3.867143 2.4 -10.4 -3
1 3.547542 4 -10.4 -3
1 3.1105 5.6 -10.4 -3
1 2.828215 7.2 -10.4 -3
1 2.739136 8.8 -10.4 -3
1 2.484169 10.4 -10.4 -3
1 2.067501 12 -10.4 -3
1 2.640459 -12 -8.8 -3
1 2.633894 -10.4 -8.8 -3
1 2.818826 -8.8 -8.8 -3
1 3.459489 -7.2 -8.8 -3
1 3.074283 -5.6 -8.8 -3
1 3.970154 -4 -8.8 -3
1 4.173059 -2.4 -8.8 -3
1 4.084573 -0.8 -8.8 -3
1 3.861506 0.8 -8.8 -3
1 3.95007 2.4 -8.8 -3
1 4.259619 4 -8.8 -3
1 3.43885 5.6 -8.8 -3
1 2.742229 7.2 -8.8 -3
1 3.196961 8.8 -8.8 -3
1 2.525024 10.4 -8.8 -3
1 2.183125 12 -8.8 -3
1 2.243341 -12 -7.2 -3
1 2.927179 -10.4 -7.2 -3
1 3.500467 -8.8 -7.2 -3
1 3.558067 -7.2 -7.2 -3
1 3.897136 -5.6 -7.2 -3
1 4.606281 -4 -7.2 -3
1 4.47123 -2.4 -7.2 -3
1 4.596998 -0.8 -7.2 -3
1 4.480529 0.8 -7.2 -3
1 4.758216 2.4 -7.2 -3
1 4.083573 4 -7.2 -3
1 4.261131 5.6 -7.2 -3
1 3.906363 7.2 -7.2 -3
1 3.208257 8.8 -7.2 -3
1 3.144924 10.4 -7.2 -3
1 2.793875 12 -7.2 -3
1 2.902854 -12 -5.6 -3
1 3.693466 -10.4 -5.6 -3
1 3.134141 -8.8 -5.6 -3
1 3.757588 -7.2 -5.6 -3
1 4.087312 -5.6 -5.6 -3
1 4.784716 -4 -5.6 -3
1 5.354671 -2.4 -5.6 -3
1 5.486273 -0.8 -5.6 -3
1 5.188875 0.8 -5.6 -3
1 5.178182 2.4 -5.6 -3
1 4.706577 4 -5.6 -3
1 4.548685 5.6 -5.6 -3
1 4.142877 7.2 -5.6 -3
1 3.434469 8.8 -5.6 -3
1 3.113932 10.4 -5.6 -3
1 2.725238 12 -5.6 -3
1 3.281281 -12 -4 -3
1 3.137739 -10.4 -4 -3
1 3.343577 -8.8 -4 -3
1 4.524191 -7.2 -4 -3
1 4.538756 -5.6 -4 -3
1 4.957774 -4 -4 -3
1 5.501866 -2.4 -4 -3
1 5.17782 -0.8 -4 -3
1 5.283325 0.8 -4 -3
1 5.651296 2.4 -4 -3
1 5.198878 4 -4 -3
1 4.878344 5.6 -4 -3
1 4.297953 7.2 -4 -3
1 3.587977 8.8 -4 -3
1 3.022829 10.4 -4 -3
1 2.876973 12 -4 -3
1 3.557059 -12 -2.4 -3
1 3.602135 -10.4 -2.4 -3
1 4.089912 -8.8 -2.4 -3
1 4.616264 -7.2 -2.4 -3
1 4.862211 -5.6 -2.4 -3
1 4.926001 -4 -2.4 -3
1 6.110911 -2.4 -2.4 -3
1 5.363957 -0.8 -2.4 -3
1 5.395228 0.8 -2.4 -3
1 4.99389 2.4 -2.4 -3
1 5.213688 4 -2.4 -3
1 4.896687 5.6 -2.4 -3
1 4.46923 7.2 -2.4 -3
1 3.602084 8.8 -2.4 -3
1 3.992875 10.4 -2.4 -3
1 3.497526 12 -2.4 -3
1 3.293462 -12 -0.8 -3
1 3.349544 -10.4 -0.8 -3
1 4.319419 -8.8 -0.8 -3
1 4.575356 -7.2 -0.8 -3
1 4.986854 -5.6 -0.8 -3
1 5.709253 -4 -0.8 -3
1 5.162908 -2.4 -0.8 -3
1 5.199646 -0.8 -0.8 -3
1 5.144652 0.8 -0.8 -3
1 5.474816 2.4 -0.8 -3
1 4.975376 4 -0.8 -3
1 4.890967 5.6 -0.8 -3
1 4.815957 7.2 -0.8 -3
1 4.257096 8.8 -0.8 -3
1 3.381253 10.4 -0.8 -3
1 3.260867 12 -0.8 -3
1 2.512902 -12 0.8 -3
1 3.539608 -10.4 0.8 -3
1 4.31905 -8.8 0.8 -3
1 4.472215 -7.2 0.8 -3
1 5.0577 -5.6 0.8 -3
1 4.97027 -4 0.8 -3
1 5.681826 -2.4 0.8 -3
1 4.864854 -0.8 0.8 -3
1 5.246538 0.8 0.8 -3
1 5.406066 2.4 0.8 -3
1 5.383822 4 0.8 -3
1 4.860928 5.6 0.8 -3
1 5.094407 7.2 0.8 -3
1 3.783313 8.8 0.8 -3
1 3.688263 10.4 0.8 -3
1 2.386119 12 0.8 -3
1 3.057233 -12 2.4 -3
1 3.674126 -10.4 2.4 -3
1 3.777638 -8.8 2.4 -3
1 4.709316 -7.2 2.4 -3
1 5.041257 -5.6 2.4 -3
1 5.519772 -4 2.4 -3
1 5.23114 -2.4 2.4 -3
1 5.227233 -0.8 2.4 -3
1 5.026995 0.8 2.4 -3
1 5.361358 2.4 2.4 -3
1 4.94099 4 2.4 -3
1 5.130552 5.6 2.4 -3
1 4.550928 7.2 2.4 -3
1 4.596256 8.8 2.4 -3
1 3.257282 10.4 2.4 -3
1 3.352051 12 2.4 -3
1 2.800977 -12 4 -3
1 3.032829 -10.4 4 -3
1 4.015403 -8.8 4 -3
1 3.973777 -7.2 4 -3
1 4.479 -5.6 4 -3
1 4.883523 -4 4 -3
1 5.328417 -2.4 4 -3
1 5.118862 -0.8 4 -3
1 5.638055 0.8 4 -3
1 4.975946 2.4 4 -3
1 5.12096 4 4 -3
1 4.778568 5.6 4 -3
1 4.065684 7.2 4 -3
1 3.765005 8.8 4 -3
1 3.232941 10.4 4 -3
1 3.172668 12 4 -3
1 3.147962 -12 5.6 -3
1 2.927056 -10.4 5.6 -3
1 3.857372 -8.8 5.6 -3
1 4.029957 -7.2 5.6 -3
1 3.939643 -5.6 5.6 -3
1 4.55382 -4 5.6 -3
1 5.073801 -2.4 5.6 -3
1 5.103077 -0.8 5.6 -3
1 4.456223 0.8 5.6 -3
1 5.103593 2.4 5.6 -3
1 4.906559 4 5.6 -3
1 4.355314 5.6 5.6 -3
1 3.871926 7.2 5.6 -3
1 4.117622 8.8 5.6 -3
1 3.164756 10.4 5.6 -3
1 2.755444 12 5.6 -3
1 2.266318 -12 7.2 -3
1 2.596787 -10.4 7.2 -3
1 2.944368 -8.8 7.2 -3
1 3.599446 -7.2 7.2 -3
1 4.389049 -5.6 7.2 -3
1 4.77057 -4 7.2 -3
1 4.925199 -2.4 7.2 -3
1 4.961163 -0.8 7.2 -3
1 4.577575 0.8 7.2 -3
1 4.22707 2.4 7.2 -3
1 4.250168 4 7.2 -3
1 3.445706 5.6 7.2 -3
1 3.626489 7.2 7.2 -3
1 3.740127 8.8 7.2 -3
1 2.965557 10.4 7.2 -3
1 2.821155 12 7.2 -3
1 2.433182 -12 8.8 -3
1 2.455625 -10.4 8.8 -3
1 3.429789 -8.8 8.8 -3
1 3.30556 -7.2 8.8 -3
1 3.380841 -5.6 8.8 -3
1 3.889826 -4 8.8 -3
1 3.669168 -2.4 8.8 -3
1 4.356737 -0.8 8.8 -3
1 4.266184 0.8 8.8 -3
1 3.960123 2.4 8.8 -3
1 3.750054 4 8.8 -3
1 3.858803 5.6 8.8 -3
1 3.059555 7.2 8.8 -3
1 2.747944 8.8 8.8 -3
1 2.756414 10.4 8.8 -3
1 2.198018 12 8.8 -3
1 2.29412 -12 10.4 -3
1 2.306143 -10.4 10.4 -3
1 2.949065 -8.8 10.4 -3
1 3.056705 -7.2 10.4 -3
1 2.625967 -5.6 10.4 -3
1 3.063143 -4 10.4 -3
1 3.867403 -2.4 10.4 -3
1 3.797428 -0.8 10.4 -3
1 3.382963 0.8 10.4 -3
1 3.210261 2.4 10.4 -3
1 3.655402 4 10.4 -3
1 2.984311 5.6 10.4 -3
1 3.38325 7.2 10.4 -3
1 3.093238 8.8 10.4 -3
1 1.992126 10.4 10.4 -3
1 1.851435 12 10.4 -3
1 1.501875 -12 12 -3
1 2.229671 -10.4 12 -3
1 1.988154 -8.8 12 -3
1 2.038431 -7.2 12 -3
1 3.264285 -5.6 12 -3
1 3.184312 -4 12 -3
1 3.26091 -2.4 12 -3
1 2.955065 -0.8 12 -3
1 3.118242 0.8 12 -3
1 3.211548 2.4 12 -3
1 2.612509 4 12 -3
1 2.727883 5.6 12 -3
1 2.591118 7.2 12 -3
1 2.73404 8.8 12 -3
1 2.223382 10.4 12 -3
1 2.135054 12 12 -3
1 2.498251 -12 -12 -2
1 2.478872 -10.4 -12 -2
1 2.959 -8.8 -12 -2
1 2.895225 -7.2 -12 -2
1 3.778428 -5.6 -12 -2
1 4.089714 -4 -12 -2
1 3.852665 -2.4 -12 -2
1 3.691596 -0.8 -12 -2
1 4.208609 0.8 -12 -2
1 3.903177 2.4 -12 -2
1 3.638939 4 -12 -2
1 3.827111 5.6 -12 -2
1 3.121455 7.2 -12 -2
1 3.331159 8.8 -12 -2
1 2.546378 10.4 -12 -2
1 2.560967 12 -12 -2
1 2.979842 -12 -10.4 -2
1 2.761427 -10.4 -10.4 -2
1 3.525917 -8.8 -10.4 -2
1 3.707611 -7.2 -10.4 -2
1 4.17563 -5.6 -10.4 -2
1 4.027668 -4 -10.4 -2
1 4.355624 -2.4 -10.4 -2
1 4.80134 -0.8 -10.4 -2
1 4.497891 0.8 -10.4 -2
1 4.583169 2.4 -10.4 -2
1 4.169594 4 -10.4 -2
1 3.749346 5.6 -10.4 -2
1 3.732776 7.2 -10.4 -2
1 3.120138 8.8 -10.4 -2
1 2.446213 10.4 -10.4 -2
1 3.049278 12 -10.4 -2
1 2.772192 -12 -8.8 -2
1 2.969866 -10.4 -8.8 -2
1 4.050068 -8.8 -8.8 -2
1 4.147718 -7.2 -8.8 -2
1 4.305862 -5.6 -8.8 -2
1 4.654598 -4 -8.8 -2
1 4.760921 -2.4 -8.8 -2
1 5.202249 -0.8 -8.8 -2
1 5.134999 0.8 -8.8 -2
1 4.435759 2.4 -8.8 -2
1 4.787435 4 -8.8 -2
1 4.637472 5.6 -8.8 -2
1 4.317749 7.2 -8.8 -2
1 3.195168 8.8 -8.8 -2
1 3.367547 10.4 -8.8 -2
1 3.538827 12 -8.8 -2
1 3.510615 -12 -7.2 -2
1 3.308188 -10.4 -7.2 -2
1 3.734766 -8.8 -7.2 -2
1 4.658328 -7.2 -7.2 -2
1 4.823902 -5.6 -7.2 -2
1 5.366775 -4 -7.2 -2
1 5.373861 -2.4 -7.2 -2
1 5.406628 -0.8 -7.2 -2
1 5.432294 0.8 -7.2 -2
1 5.341968 2.4 -7.2 -2
1 4.809052 4 -7.2 -2
1 5.45479 5.6 -7.2 -2
1 4.182549 7.2 -7.2 -2
1 4.146443 8.8 -7.2 -2
1 3.599427 10.4 -7.2 -2
1 3.761445 12 -7.2 -2
1 3.799075 -12 -5.6 -2
1 3.865765 -10.4 -5.6 -2
1 4.507124 -8.8 -5.6 -2
1 5.158782 -7.2 -5.6 -2
1 5.772645 -5.6 -5.6 -2
1 5.546246 -4 -5.6 -2
1 5.368758 -2.4 -5.6 -2
1 5.454094 -0.8 -5.6 -2
1 6.201409 0.8 -5.6 -2
1 5.111742 2.4 -5.6 -2
1 6.234616 4 -5.6 -2
1 5.148226 5.6 -5.6 -2
1 4.753818 7.2 -5.6 -2
1 4.495159 8.8 -5.6 -2
1 4.240042 10.4 -5.6 -2
1 3.621922 12 -5.6 -2
1 3.24647 -12 -4 -2
1 4.313202 -10.4 -4 -2
1 4.811691 -8.8 -4 -2
1 5.29134 -7.2 -4 -2
1 5.212825 -5.6 -4 -2
1 5.107224 -4 -4 -2
1 5.724743 -2.4 -4 -2
1 5.590559 -0.8 -4 -2
1 5.635162 0.8 -4 -2
1 5.567442 2.4 -4 -2
1 5.600479 4 -4 -2
1 5.392876 5.6 -4 -2
1 5.325475 7.2 -4 -2
1 4.945692 8.8 -4 -2
1 4.026185 10.4 -4 -2
1 3.658303 12 -4 -2
1 3.958707 -12 -2.4 -2
1 4.727069 -10.4 -2.4 -2
1 4.853399 -8.8 -2.4 -2
1 4.875686 -7.2 -2.4 -2
1 5.687348 -5.6 -2.4 -2
1 5.776115 -4 -2.4 -2
1 6.248112 -2.4 -2.4 -2
1 5.78337 -0.8 -2.4 -2
1 5.541752 0.8 -2.4 -2
1 5.695108 2.4 -2.4 -2
1 5.679563 4 -2.4 -2
1 5.675894 5.6 -2.4 -2
1 5.344509 7.2 -2.4 -2
1 5.096378 8.8 -2.4 -2
1 4.457415 10.4 -2.4 -2
1 3.776674 12 -2.4 -2
1 3.701669 -12 -0.8 -2
1 4.614445 -10.4 -0.8 -2
1 4.937462 -8.8 -0.8 -2
1 5.432088 -7.2 -0.8 -2
1 5.97589 -5.6 -0.8 -2
1 6.264643 -4 -0.8 -2
1 5.45906 -2.4 -0.8 -2
1 5.716424 -0.8 -0.8 -2
1 5.088721 0.8 -0.8 -2
1 5.764102 2.4 -0.8 -2
1 5.882227 4 -0.8 -2
1 5.630753 5.6 -0.8 -2
1 5.734942 7.2 -0.8 -2
1 4.788356 8.8 -0.8 -2
1 4.620902 10.4 -0.8 -2
1 3.933508 12 -0.8 -2
1 3.703952 -12 0.8 -2
1 4.759441 -10.4 0.8 -2
1 4.430999 -8.8 0.8 -2
1 5.25484 -7.2 0.8 -2
1 5.314629 -5.6 0.8 -2
1 5.875214 -4 0.8 -2
1 5.76362 -2.4 0.8 -2
1 5.02572 -0.8 0.8 -2
1 5.468142 0.8 0.8 -2
1 5.439289 2.4 0.8 -2
1 5.991434 4 0.8 -2
1 5.759437 5.6 0.8 -2
1 5.565197 7.2 0.8 -2
1 4.718463 8.8 0.8 -2
1 4.479607 10.4 0.8 -2
1 3.821117 12 0.8 -2
1 3.501125 -12 2.4 -2
1 4.415543 -10.4 2.4 -2
1 5.310857 -8.8 2.4 -2
1 5.138387 -7.2 2.4 -2
1 5.579431 -5.6 2.4 -2
1 5.978198 -4 2.4 -2
1 5.814025 -2.4 2.4 -2
1 6.183398 -0.8 2.4 -2
1 5.881818 0.8 2.4 -2
1 6.385322 2.4 2.4 -2
1 5.893115 4 2.4 -2
1 5.345906 5.6 2.4 -2
1 5.405738 7.2 2.4 -2
1 4.636277 8.8 2.4 -2
1 4.125605 10.4 2.4 -2
1 3.820977 12 2.4 -2
1 3.968986 -12 4 -2
1 4.310795 -10.4 4 -2
1 4.90259 -8.8 4 -2
1 5.355287 -7.2 4 -2
1 5.427717 -5.6 4 -2
1 5.099422 -4 4 -2
1 6.004864 -2.4 4 -2
1 6.368913 -0.8 4 -2
1 5.84123 0.8 4 -2
1 5.467159 2.4 4 -2
1 5.608092 4 4 -2
1 5.237051 5.6 4 -2
1 5.116042 7.2 4 -2
1 4.868113 8.8 4 -2
1 4.441427 10.4 4 -2
1 3.794301 12 4 -2
1 3.312722 -12 5.6 -2
1 4.210007 -10.4 5.6 -2
1 4.792849 -8.8 5.6 -2
1 5.430387 -7.2 5.6 -2
1 5.090151 -5.6 5.6 -2
1 5.589203 -4 5.6 -2
1 5.927808 -2.4 5.6 -2
1 5.670881 -0.8 5.6 -2
1 5.831194 0.8 5.6 -2
1 5.68299 2.4 5.6 -2
1 5.437068 4 5.6 -2
1 5.255691 5.6 5.6 -2
1 5.108599 7.2 5.6 -2
1 4.557964 8.8 5.6 -2
1 3.890085 10.4 5.6 -2
1 2.986269 12 5.6 -2
1 3.112651 -12 7.2 -2
1 3.730519 -10.4 7.2 -2
1 3.522077 -8.8 7.2 -2
1 5.088288 -7.2 7.2 -2
1 4.495226 -5.6 7.2 -2
1 4.836264 -4 7.2 -2
1 5.664839 -2.4 7.2 -2
1 4.838909 -0.8 7.2 -2
1 5.571144 0.8 7.2 -2
1 5.214402 2.4 7.2 -2
1 5.240421 4 7.2 -2
1 5.086944 5.6 7.2 -2
1 4.295934 7.2 7.2 -2
1 3.974222 8.8 7.2 -2
1 2.98627 10.4 7.2 -2
1 3.071153 12 7.2 -2
1 3.138966 -12 8.8 -2
1 3.552653 -10.4 8.8 -2
1 4.308011 -8.8 8.8 -2
1 4.16684 -7.2 8.8 -2
1 4.571684 -5.6 8.8 -2
1 4.71778 -4 8.8 -2
1 4.745707 -2.4 8.8 -2
1 5.140312 -0.8 8.8 -2
1 5.069143 0.8 8.8 -2
1 4.899771 2.4 8.8 -2
1 4.49522 4 8.8 -2
1 4.445731 5.6 8.8 -2
1 4.346038 7.2 8.8 -2
1 3.97036 8.8 8.8 -2
1 3.305723 10.4 8.8 -2
1 2.87664 12 8.8 -2
1 2.885198 -12 10.4 -2
1 3.357469 -10.4 10.4 -2
1 3.456651 -8.8 10.4 -2
1 3.657184 -7.2 10.4 -2
1 3.786527 -5.6 10.4 -2
1 4.119996 -4 10.4 -2
1 4.006683 -2.4 10.4 -2
1 4.281439 -0.8 10.4 -2
1 4.73951 0.8 10.4 -2
1 4.655354 2.4 10.4 -2
1 4.007123 4 10.4 -2
1 4.059377 5.6 10.4 -2
1 3.752856 7.2 10.4 -2
1 3.010724 8.8 10.4 -2
1 3.297951 10.4 10.4 -2
1 2.278911 12 10.4 -2
1 2.151426 -12 12 -2
1 3.006536 -10.4 12 -2
1 2.908701 -8.8 12 -2
1 3.257323 -7.2 12 -2
1 3.140731 -5.6 12 -2
1 3.372766 -4 12 -2
1 3.956073 -2.4 12 -2
1 3.893185 -0.8 12 -2
1 3.788965 0.8 12 -2
1 3.534839 2.4 12 -2
1 3.461183 4 12 -2
1 4.055241 5.6 12 -2
1 3.229794 7.2 12 -2
1 3.23742 8.8 12 -2
1 2.953249 10.4 12 -2
1 2.653925 12 12 -2
1 3.303419 -12 -12 -1
1 3.248429 -10.4 -12 -1
1 3.625049 -8.8 -12 -1
1 4.352474 -7.2 -12 -1
1 4.083553 -5.6 -12 -1
1 4.736486 -4 -12 -1
1 4.604857 -2.4 -12 -1
1 4.706702 -0.8 -12 -1
1 4.608904 0.8 -12 -1
1 4.680707 2.4 -12 -1
1 4.823897 4 -12 -1
1 4.524075 5.6 -12 -1
1 4.10651 7.2 -12 -1
1 4.094926 8.8 -12 -1
1 3.975518 10.4 -12 -1
1 3.228125 12 -12 -1
1 3.67914 -12 -10.4 -1
1 4.002638 -10.4 -10.4 -1
1 4.041342 -8.8 -10.4 -1
1 4.372954 -7.2 -10.4 -1
1 5.35507 -5.6 -10.4 -1
1 5.306122 -4 -10.4 -1
1 5.414562 -2.4 -10.4 -1
1 5.338102 -0.8 -10.4 -1
1 5.422556 0.8 -10.4 -1
1 5.267006 2.4 -10.4 -1
1 5.096302 4 -10.4 -1
1 4.930983 5.6 -10.4 -1
1 4.351985 7.2 -10.4 -1
1 4.886123 8.8 -10.4 -1
1 4.133574 10.4 -10.4 -1
1 3.498716 12 -10.4 -1
1 4.180647 -12 -8.8 -1
1 4.129003 -10.4 -8.8 -1
1 5.098791 -8.8 -8.8 -1
1 4.916347 -7.2 -8.8 -1
1 4.720836 -5.6 -8.8 -1
1 5.859155 -4 -8.8 -1
1 5.943976 -2.4 -8.8 -1
1 5.537279 -0.8 -8.8 -1
1 5.378265 0.8 -8.8 -1
1 5.202287 2.4 -8.8 -1
1 5.450872 4 -8.8 -1
1 4.842726 5.6 -8.8 -1
1 4.811323 7.2 -8.8 -1
1 4.711894 8.8 -8.8 -1
1 4.499698 10.4 -8.8 -1
1 3.672434 12 -8.8 -1
1 4.133726 -12 -7.2 -1
1 4.668338 -10.4 -7.2 -1
1 5.444672 -8.8 -7.2 -1
1 5.133926 -7.2 -7.2 -1
1 5.259841 -5.6 -7.2 -1
1 5.404154 -4 -7.2 -1
1 6.127839 -2.4 -7.2 -1
1 6.028925 -0.8 -7.2 -1
1 6.236977 0.8 -7.2 -1
1 5.953694 2.4 -7.2 -1
1 5.96383 4 -7.2 -1
1 5.716973 5.6 -7.2 -1
1 5.379448 7.2 -7.2 -1
1 4.859199 8.8 -7.2 -1
1 4.920103 10.4 -7.2 -1
1 4.063183 12 -7.2 -1
1 4.577332 -12 -5.6 -1
1 4.916287 -10.4 -5.6 -1
1 5.74659 -8.8 -5.6 -1
1 5.838722 -7.2 -5.6 -1
1 5.844642 -5.6 -5.6 -1
1 6.090473 -4 -5.6 -1
1 6.131902 -2.4 -5.6 -1
1 5.655897 -0.8 -5.6 -1
1 6.602957 0.8 -5.6 -1
1 6.429199 2.4 -5.6 -1
1 5.901106 4 -5.6 -1
1 6.024566 5.6 -5.6 -1
1 5.721393 7.2 -5.6 -1
1 5.018019 8.8 -5.6 -1
1 5.247604 10.4 -5.6 -1
1 4.348579 12 -5.6 -1
1 4.650497 -12 -4 -1
1 5.18702 -10.4 -4 -1
1 5.269594 -8.8 -4 -1
1 5.594199 -7.2 -4 -1
1 6.080625 -5.6 -4 -1
1 6.32263 -4 -4 -1
1 6.160176 -2.4 -4 -1
1 6.243957 -0.8 -4 -1
1 6.151215 0.8 -4 -1
1 6.278066 2.4 -4 -1
1 5.827882 4 -4 -1
1 6.262024 5.6 -4 -1
1 5.668106 7.2 -4 -1
1 5.401693 8.8 -4 -1
1 5.059589 10.4 -4 -1
1 4.192638 12 -4 -1
1 4.713358 -12 -2.4 -1
1 5.119077 -10.4 -2.4 -1
1 5.481291 -8.8 -2.4 -1
1 5.850255 -7.2 -2.4 -1
1 6.474601 -5.6 -2.4 -1
1 5.826989 -4 -2.4 -1
1 5.871624 -2.4 -2.4 -1
1 5.036215 -0.8 -2.4 -1
1 5.485663 0.8 -2.4 -1
1 5.800146 2.4 -2.4 -1
1 6.5273 4 -2.4 -1
1 5.922724 5.6 -2.4 -1
1 5.770859 7.2 -2.4 -1
1 5.311511 8.8 -2.4 -1
1 5.273993 10.4 -2.4 -1
1 5.026765 12 -2.4 -1
1 4.506663 -12 -0.8 -1
1 5.194777 -10.4 -0.8 -1
1 6.072436 -8.8 -0.8 -1
1 5.872881 -7.2 -0.8 -1
1 6.349986 -5.6 -0.8 -1
1 6.164846 -4 -0.8 -1
1 5.327856 -2.4 -0.8 -1
1 5.284615 -0.8 -0.8 -1
1 5.179187 0.8 -0.8 -1
1 5.532155 2.4 -0.8 -1
1 5.841472 4 -0.8 -1
1 6.081004 5.6 -0.8 -1
1 6.247471 7.2 -0.8 -1
1 5.589796 8.8 -0.8 -1
1 4.832657 10.4 -0.8 -1
1 4.77057 12 -0.8 -1
1 4.999272 -12 0.8 -1
1 5.011429 -10.4 0.8 -1
1 5.67138 -8.8 0.8 -1
1 5.738407 -7.2 0.8 -1
1 6.20781 -5.6 0.8 -1
1 6.034345 -4 0.8 -1
1 5.645784 -2.4 0.8 -1
1 4.824811 -0.8 0.8 -1
1 4.803052 0.8 0.8 -1
1 5.872067 2.4 0.8 -1
1 6.093755 4 0.8 -1
1 6.131874 5.6 0.8 -1
1 5.240658 7.2 0.8 -1
1 5.411954 8.8 0.8 -1
1 5.491935 10.4 0.8 -1
1 4.704592 12 0.8 -1
1 4.436163 -12 2.4 -1
1 5.119211 -10.4 2.4 -1
1 5.567024 -8.8 2.4 -1
1 5.863544 -7.2 2.4 -1
1 6.287382 -5.6 2.4 -1
1 6.521939 -4 2.4 -1
1 6.172493 -2.4 2.4 -1
1 5.965736 -0.8 2.4 -1
1 5.571738 0.8 2.4 -1
1 6.136556 2.4 2.4 -1
1 5.89645 4 2.4 -1
1 6.128424 5.6 2.4 -1
1 6.535264 7.2 2.4 -1
1 5.657712 8.8 2.4 -1
1 5.152715 10.4 2.4 -1
1 4.592189 12 2.4 -1
1 4.797418 -12 4 -1
1 5.61235 -10.4 4 -1
1 5.621164 -8.8 4 -1
1 5.80024 -7.2 4 -1
1 6.611206 -5.6 4 -1
1 5.983901 -4 4 -1
1 6.424602 -2.4 4 -1
1 5.962134 -0.8 4 -1
1 5.812033 0.8 4 -1
1 6.446295 2.4 4 -1
1 5.728668 4 4 -1
1 6.015698 5.6 4 -1
1 5.869435 7.2 4 -1
1 5.407546 8.8 4 -1
1 4.6763 10.4 4 -1
1 4.444251 12 4 -1
1 4.021382 -12 5.6 -1
1 5.355919 -10.4 5.6 -1
1 4.837001 -8.8 5.6 -1
1 5.134389 -7.2 5.6 -1
1 6.103477 -5.6 5.6 -1
1 6.319621 -4 5.6 -1
1 6.114232 -2.4 5.6 -1
1 6.126903 -0.8 5.6 -1
1 6.359869 0.8 5.6 -1
1 6.512909 2.4 5.6 -1
1 5.695121 4 5.6 -1
1 6.255189 5.6 5.6 -1
1 5.709922 7.2 5.6 -1
1 5.216373 8.8 5.6 -1
1 5.191414 10.4 5.6 -1
1 4.645585 12 5.6 -1
1 4.484114 -12 7.2 -1
1 4.531811 -10.4 7.2 -1
1 5.208983 -8.8 7.2 -1
1 5.447494 -7.2 7.2 -1
1 5.531619 -5.6 7.2 -1
1 6.304865 -4 7.2 -1
1 6.029336 -2.4 7.2 -1
1 6.030284 -0.8 7.2 -1
1 6.176198 0.8 7.2 -1
1 6.086338 2.4 7.2 -1
1 5.689114 4 7.2 -1
1 5.647624 5.6 7.2 -1
1 6.025173 7.2 7.2 -1
1 4.996792 8.8 7.2 -1
1 4.530533 10.4 7.2 -1
1 4.348209 12 7.2 -1
1 3.977795 -12 8.8 -1
1 4.151243 -10.4 8.8 -1
1 4.40032 -8.8 8.8 -1
1 5.22689 -7.2 8.8 -1
1 5.33092 -5.6 8.8 -1
1 5.638687 -4 8.8 -1
1 5.588088 -2.4 8.8 -1
1 5.317831 -0.8 8.8 -1
1 5.748132 0.8 8.8 -1
1 6.258563 2.4 8.8 -1
1 5.152682 4 8.8 -1
1 5.055007 5.6 8.8 -1
1 4.680927 7.2 8.8 -1
1 4.579718 8.8 8.8 -1
1 4.631181 10.4 8.8 -1
1 3.839096 12 8.8 -1
1 3.497625 -12 10.4 -1
1 3.610927 -10.4 10.4 -1
1 4.302135 -8.8 10.4 -1
1 4.863433 -7.2 10.4 -1
1 5.440182 -5.6 10.4 -1
1 5.414476 -4 10.4 -1
1 5.011536 -2.4 10.4 -1
1 5.175426 -0.8 10.4 -1
1 5.453072 0.8 10.4 -1
1 5.226532 2.4 10.4 -1
1 5.154635 4 10.4 -1
1 4.547053 5.6 10.4 -1
1 4.497969 7.2 10.4 -1
1 4.054217 8.8 10.4 -1
1 3.700944 10.4 10.4 -1
1 3.381792 12 10.4 -1
1 3.126019 -12 12 -1
1 3.560101 -10.4 12 -1
1 4.035787 -8.8 12 -1
1 4.037331 -7.2 12 -1
1 4.196389 -5.6 12 -1
1 5.008643 -4 12 -1
1 4.986709 -2.4 12 -1
1 4.980507 -0.8 12 -1
1 5.231289 0.8 12 -1
1 4.493807 2.4 12 -1
1 5.116805 4 12 -1
1 4.717254 5.6 12 -1
1 4.241382 7.2 12 -1
1 4.033508 8.8 12 -1
1 3.576853 10.4 12 -1
1 3.20201 12 12 -1
1 3.45887 -12 -12 0
1 4.390515 -10.4 -12 0
1 5.06855 -8.8 -12 0
1 5.347237 -7.2 -12 0
1 5.111756 -5.6 -12 0
1 5.231109 -4 -12 0
1 5.431337 -2.4 -12 0
1 5.736587 -0.8 -12 0
1 5.81943 0.8 -12 0
1 5.487824 2.4 -12 0
1 5.536648 4 -12 0
1 5.062539 5.6 -12 0
1 4.949224 7.2 -12 0
1 4.829379 8.8 -12 0
1 5.114761 10.4 -12 0
1 3.839428 12 -12 0
1 4.037831 -12 -10.4 0
1 4.701477 -10.4 -10.4 0
1 4.844459 -8.8 -10.4 0
1 5.416899 -7.2 -10.4 0
1 5.599836 -5.6 -10.4 0
1 6.036687 -4 -10.4 0
1 5.594985 -2.4 -10.4 0
1 5.59621 -0.8 -10.4 0
1 6.289497 0.8 -10.4 0
1 5.89125 2.4 -10.4 0
1 5.477043 4 -10.4 0
1 5.246081 5.6 -10.4 0
1 5.119988 7.2 -10.4 0
1 5.093531 8.8 -10.4 0
1 4.458206 10.4 -10.4 0
1 4.540329 12 -10.4 0
1 4.59393 -12 -8.8 0
1 4.994886 -10.4 -8.8 0
1 5.317925 -8.8 -8.8 0
1 5.569019 -7.2 -8.8 0
1 5.855684 -5.6 -8.8 0
1 6.367887 -4 -8.8 0
1 5.85567 -2.4 -8.8 0
1 6.513693 -0.8 -8.8 0
1 6.154329 0.8 -8.8 0
1 6.374042 2.4 -8.8 0
1 6.064164 4 -8.8 0
1 5.56115 5.6 -8.8 0
1 5.73014 7.2 -8.8 0
1 5.162204 8.8 -8.8 0
1 5.227014 10.4 -8.8 0
1 4.326036 12 -8.8 0
1 4.377849 -12 -7.2 0
1 5.044575 -10.4 -7.2 0
1 5.500408 -8.8 -7.2 0
1 5.752846 -7.2 -7.2 0
1 6.130965 -5.6 -7.2 0
1 6.184782 -4 -7.2 0
1 6.300633 -2.4 -7.2 0
1 6.50865 -0.8 -7.2 0
1 6.135741 0.8 -7.2 0
1 6.593363 2.4 -7.2 0
1 6.332975 4 -7.2 0
1 6.180804 5.6 -7.2 0
1 5.450269 7.2 -7.2 0
1 5.568106 8.8 -7.2 0
1 5.119166 10.4 -7.2 0
1 5.036618 12 -7.2 0
1 5.417013 -12 -5.6 0
1 5.822335 -10.4 -5.6 0
1 5.619269 -8.8 -5.6 0
1 5.991347 -7.2 -5.6 0
1 6.34941 -5.6 -5.6 0
1 6.174898 -4 -5.6 0
1 6.02333 -2.4 -5.6 0
1 6.585459 -0.8 -5.6 0
1 6.404661 0.8 -5.6 0
1 6.578007 2.4 -5.6 0
1 6.139045 4 -5.6 0
1 6.286676 5.6 -5.6 0
1 5.897549 7.2 -5.6 0
1 5.69025 8.8 -5.6 0
1 5.571827 10.4 -5.6 0
1 4.865559 12 -5.6 0
1 5.009717 -12 -4 0
1 5.381103 -10.4 -4 0
1 5.720212 -8.8 -4 0
1 6.117902 -7.2 -4 0
1 6.865762 -5.6 -4 0
1 6.223714 -4 -4 0
1 5.941863 -2.4 -4 0
1 5.710574 -0.8 -4 0
1 6.024289 0.8 -4 0
1 6.121654 2.4 -4 0
1 6.450639 4 -4 0
1 6.369136 5.6 -4 0
1 6.550531 7.2 -4 0
1 6.25879 8.8 -4 0
1 5.971663 10.4 -4 0
1 5.318953 12 -4 0
1 5.664429 -12 -2.4 0
1 5.815791 -10.4 -2.4 0
1 6.423592 -8.8 -2.4 0
1 6.363823 -7.2 -2.4 0
1 6.25403 -5.6 -2.4 0
1 5.91513 -4 -2.4 0
1 5.639299 -2.4 -2.4 0
1 5.222421 -0.8 -2.4 0
1 5.55361 0.8 -2.4 0
1 5.803503 2.4 -2.4 0
1 6.062571 4 -2.4 0
1 6.199824 5.6 -2.4 0
1 6.78149 7.2 -2.4 0
1 6.131173 8.8 -2.4 0
1 5.522728 10.4 -2.4 0
1 5.278336 12 -2.4 0
1 5.47343 -12 -0.8 0
1 6.105864 -10.4 -0.8 0
1 6.220767 -8.8 -0.8 0
1 6.454616 -7.2 -0.8 0
1 6.127763 -5.6 -0.8 0
1 6.261056 -4 -0.8 0
1 5.434566 -2.4 -0.8 0
1 4.701548 -0.8 -0.8 0
1 4.904028 0.8 -0.8 0
1 5.454321 2.4 -0.8 0
1 5.991313 4 -0.8 0
1 6.195797 5.6 -0.8 0
1 6.282551 7.2 -0.8 0
1 6.013286 8.8 -0.8 0
1 5.990081 10.4 -0.8 0
1 5.083184 12 -0.8 0
1 5.013765 -12 0.8 0
1 5.730758 -10.4 0.8 0
1 6.51307 -8.8 0.8 0
1 6.45736 -7.2 0.8 0
1 6.264059 -5.6 0.8 0
1 6.229347 -4 0.8 0
1 5.321721 -2.4 0.8 0
1 4.488563 -0.8 0.8 0
1 4.535554 0.8 0.8 0
1 5.681784 2.4 0.8 0
1 6.385092 4 0.8 0
1 6.70825 5.6 0.8 0
1 6.671416 7.2 0.8 0
1 6.324368 8.8 0.8 0
1 6.367512 10.4 0.8 0
1 5.96083 12 0.8 0
1 5.717982 -12 2.4 0
1 5.780012 -10.4 2.4 0
1 5.930349 -8.8 2.4 0
1 6.451556 -7.2 2.4 0
1 6.285598 -5.6 2.4 0
1 6.288903 -4 2.4 0
1 5.678899 -2.4 2.4 0
1 5.639905 -0.8 2.4 0
1 5.956955 0.8 2.4 0
1 6.057526 2.4 2.4 0
1 6.40561 4 2.4 0
1 6.433747 5.6 2.4 0
1 6.948527 7.2 2.4 0
1 6.170464 8.8 2.4 0
1 6.179002 10.4 2.4 0
1 5.779667 12 2.4 0
1 5.298172 -12 4 0
1 4.89434 -10.4 4 0
1 5.996285 -8.8 4 0
1 6.447886 -7.2 4 0
1 6.113786 -5.6 4 0
1 6.064828 -4 4 0
1 6.44675 -2.4 4 0
1 5.36296 -0.8 4 0
1 6.12034 0.8 4 0
1 6.152896 2.4 4 0
1 6.222986 4 4 0
1 6.455649 5.6 4 0
1 6.347233 7.2 4 0
1 6.14052 8.8 4 0
1 5.738654 10.4 4 0
1 5.124264 12 4 0
1 5.133928 -12 5.6 0
1 5.861451 -10.4 5.6 0
1 6.064396 -8.8 5.6 0
1 6.564623 -7.2 5.6 0
1 6.30307 -5.6 5.6 0
1 6.585581 -4 5.6 0
1 6.550247 -2.4 5.6 0
1 6.20181 -0.8 5.6 0
1 6.183402 0.8 5.6 0
1 6.891978 2.4 5.6 0
1 6.232999 4 5.6 0
1 6.609468 5.6 5.6 0
1 6.123818 7.2 5.6 0
1 5.622833 8.8 5.6 0
1 5.130969 10.4 5.6 0
1 4.76773 12 5.6 0
1 4.337288 -12 7.2 0
1 5.037068 -10.4 7.2 0
1 5.886765 -8.8 7.2 0
1 5.814086 -7.2 7.2 0
1 6.624553 -5.6 7.2 0
1 6.290445 -4 7.2 0
1 6.16882 -2.4 7.2 0
1 6.355504 -0.8 7.2 0
1 6.279398 0.8 7.2 0
1 6.292336 2.4 7.2 0
1 6.348613 4 7.2 0
1 6.210919 5.6 7.2 0
1 6.148928 7.2 7.2 0
1 5.778329 8.8 7.2 0
1 5.45224 10.4 7.2 0
1 4.857837 12 7.2 0
1 4.331253 -12 8.8 0
1 5.058253 -10.4 8.8 0
1 5.424966 -8.8 8.8 0
1 5.54251 -7.2 8.8 0
1 5.800581 -5.6 8.8 0
1 6.352564 -4 8.8 0
1 6.525481 -2.4 8.8 0
1 6.270602 -0.8 8.8 0
1 6.143934 0.8 8.8 0
1 6.60345 2.4 8.8 0
1 5.767843 4 8.8 0
1 5.669622 5.6 8.8 0
1 5.855925 7.2 8.8 0
1 5.090477 8.8 8.8 0
1 5.169311 10.4 8.8 0
1 4.297717 12 8.8 0
1 4.339605 -12 10.4 0
1 4.544531 -10.4 10.4 0
1 5.168858 -8.8 10.4 0
1 5.59038 -7.2 10.4 0
1 5.488657 -5.6 10.4 0
1 5.861411 -4 10.4 0
1 5.384986 -2.4 10.4 0
1 5.831927 -0.8 10.4 0
1 5.595068 0.8 10.4 0
1 5.886048 2.4 10.4 0
1 5.704147 4 10.4 0
1 5.455723 5.6 10.4 0
1 5.210998 7.2 10.4 0
1 5.183737 8.8 10.4 0
1 4.551521 10.4 10.4 0
1 4.668429 12 10.4 0
1 3.376887 -12 12 0
1 4.294692 -10.4 12 0
1 5.061603 -8.8 12 0
1 4.540857 -7.2 12 0
1 4.870244 -5.6 12 0
1 5.158686 -4 12 0
1 5.408769 -2.4 12 0
1 5.390432 -0.8 12 0
1 5.334615 0.8 12 0
1 5.867423 2.4 12 0
1 5.288592 4 12 0
1 5.34232 5.6 12 0
1 4.08173 7.2 12 0
1 4.815091 8.8 12 0
1 4.532867 10.4 12 0
1 3.732277 12 12 0
1 3.74527 -12 -12 1
1 4.572304 -10.4 -12 1
1 4.496372 -8.8 -12 1
1 5.040438 -7.2 -12 1
1 5.175381 -5.6 -12 1
1 5.180412 -4 -12 1
1 5.276797 -2.4 -12 1
1 5.060223 -0.8 -12 1
1 4.880618 0.8 -12 1
1 5.344193 2.4 -12 1
1 5.28743 4 -12 1
1 4.902728 5.6 -12 1
1 4.938596 7.2 -12 1
1 4.604708 8.8 -12 1
1 4.070198 10.4 -12 1
1 3.813885 12 -12 1
1 4.479179 -12 -10.4 1
1 4.622313 -10.4 -10.4 1
1 5.10386 -8.8 -10.4 1
1 5.341502 -7.2 -10.4 1
1 5.912173 -5.6 -10.4 1
1 5.703358 -4 -10.4 1
1 5.560446 -2.4 -10.4 1
1 5.757004 -0.8 -10.4 1
1 5.93153 0.8 -10.4 1
1 5.740556 2.4 -10.4 1
1 5.635361 4 -10.4 1
1 5.647 5.6 -10.4 1
1 5.0261 7.2 -10.4 1
1 4.423652 8.8 -10.4 1
1 5.04849 10.4 -10.4 1
1 4.264166 12 -10.4 1
1 4.748609 -12 -8.8 1
1 4.825439 -10.4 -8.8 1
1 5.308129 -8.8 -8.8 1
1 5.07388 -7.2 -8.8 1
1 5.961613 -5.6 -8.8 1
1 6.175266 -4 -8.8 1
1 5.946932 -2.4 -8.8 1
1 6.094875 -0.8 -8.8 1
1 6.563106 0.8 -8.8 1
1 6.290963 2.4 -8.8 1
1 5.995023 4 -8.8 1
1 5.96439 5.6 -8.8 1
1 5.2755 7.2 -8.8 1
1 5.577709 8.8 -8.8 1
1 4.426283 10.4 -8.8 1
1 4.234969 12 -8.8 1
1 4.950066 -12 -7.2 1
1 5.508068 -10.4 -7.2 1
1 5.178987 -8.8 -7.2 1
1 6.08577 -7.2 -7.2 1
1 6.259017 -5.6 -7.2 1
1 6.314167 -4 -7.2 1
1 6.240597 -2.4 -7.2 1
1 6.208799 -0.8 -7.2 1
1 6.460736 0.8 -7.2 1
1 6.698732 2.4 -7.2 1
1 5.950842 4 -7.2 1
1 5.911011 5.6 -7.2 1
1 6.344911 7.2 -7.2 1
1 5.310343 8.8 -7.2 1
1 4.563449 10.4 -7.2 1
1 4.78526 12 -7.2 1
1 5.114519 -12 -5.6 1
1 5.483963 -10.4 -5.6 1
1 5.653752 -8.8 -5.6 1
1 6.259304 -7.2 -5.6 1
1 6.319005 -5.6 -5.6 1
1 6.66868 -4 -5.6 1
1 6.502977 -2.4 -5.6 1
1 6.566696 -0.8 -5.6 1
1 6.474717 0.8 -5.6 1
1 6.529754 2.4 -5.6 1
1 6.628283 4 -5.6 1
1 5.791564 5.6 -5.6 1
1 6.303064 7.2 -5.6 1
1 5.535305 8.8 -5.6 1
1 5.571573 10.4 -5.6 1
1 5.357159 12 -5.6 1
1 5.107911 -12 -4 1
1 5.475709 -10.4 -4 1
1 6.036732 -8.8 -4 1
1 6.719343 -7.2 -4 1
1 6.463586 -5.6 -4 1
1 6.43054 -4 -4 1
1 6.093726 -2.4 -4 1
1 5.942015 -0.8 -4 1
1 6.038967 0.8 -4 1
1 5.832982 2.4 -4 1
1 6.701875 4 -4 1
1 6.354458 5.6 -4 1
1 5.822736 7.2 -4 1
1 6.053935 8.8 -4 1
1 5.617508 10.4 -4 1
1 4.77199 12 -4 1
1 5.862241 -12 -2.4 1
1 5.528601 -10.4 -2.4 1
1 5.835217 -8.8 -2.4 1
1 6.509964 -7.2 -2.4 1
1 6.686048 -5.6 -2.4 1
1 6.181364 -4 -2.4 1
1 5.886496 -2.4 -2.4 1
1 5.146937 -0.8 -2.4 1
1 5.661306 0.8 -2.4 1
1 5.907876 2.4 -2.4 1
1 6.255586 4 -2.4 1
1 6.61477 5.6 -2.4 1
1 6.646879 7.2 -2.4 1
1 5.990476 8.8 -2.4 1
1 5.928129 10.4 -2.4 1
1 5.102455 12 -2.4 1
1 5.972588 -12 -0.8 1
1 5.986298 -10.4 -0.8 1
1 6.218258 -8.8 -0.8 1
1 6.300181 -7.2 -0.8 1
1 6.338207 -5.6 -0.8 1
1 5.798632 -4 -0.8 1
1 5.438354 -2.4 -0.8 1
1 4.671169 -0.8 -0.8 1
1 4.396947 0.8 -0.8 1
1 5.219348 2.4 -0.8 1
1 5.666604 4 -0.8 1
1 6.535576 5.6 -0.8 1
1 6.506238 7.2 -0.8 1
1 6.174382 8.8 -0.8 1
1 5.73434 10.4 -0.8 1
1 5.479788 12 -0.8 1
1 5.071395 -12 0.8 1
1 5.503926 -10.4 0.8 1
1 5.86591 -8.8 0.8 1
1 6.33247 -7.2 0.8 1
1 6.591027 -5.6 0.8 1
1 6.252599 -4 0.8 1
1 5.281198 -2.4 0.8 1
1 4.879791 -0.8 0.8 1
1 4.238848 0.8 0.8 1
1 5.299282 2.4 0.8 1
1 5.890671 4 0.8 1
1 6.433157 5.6 0.8 1
1 5.984994 7.2 0.8 1
1 6.52342 8.8 0.8 1
1 6.173872 10.4 0.8 1
1 5.65961 12 0.8 1
1 5.32932 -12 2.4 1
1 6.096971 -10.4 2.4 1
1 6.295303 -8.8 2.4 1
1 6.636851 -7.2 2.4 1
1 6.472189 -5.6 2.4 1
1 6.303398 -4 2.4 1
1 5.301333 -2.4 2.4 1
1 5.287975 -0.8 2.4 1
1 5.675993 0.8 2.4 1
1 5.854985 2.4 2.4 1
1 5.925658 4 2.4 1
1 6.188147 5.6 2.4 1
1 6.258189 7.2 2.4 1
1 6.704073 8.8 2.4 1
1 5.763008 10.4 2.4 1
1 5.188634 12 2.4 1
1 4.696841 -12 4 1
1 5.202282 -10.4 4 1
1 6.363862 -8.8 4 1
1 6.110182 -7.2 4 1
1 6.843623 -5.6 4 1
1 6.311073 -4 4 1
1 5.648733 -2.4 4 1
1 6.622184 -0.8 4 1
1 5.803314 0.8 4 1
1 6.103745 2.4 4 1
1 6.417329 4 4 1
1 6.408281 5.6 4 1
1 5.94332 7.2 4 1
1 5.680653 8.8 4 1
1 6.026651 10.4 4 1
1 5.042882 12 4 1
1 5.235455 -12 5.6 1
1 5.907722 -10.4 5.6 1
1 5.677323 -8.8 5.6 1
1 5.99688 -7.2 5.6 1
1 5.865127 -5.6 5.6 1
1 6.913291 -4 5.6 1
1 6.238689 -2.4 5.6 1
1 6.29886 -0.8 5.6 1
1 6.05236 0.8 5.6 1
1 6.613231 2.4 5.6 1
1 6.841066 4 5.6 1
1 6.420199 5.6 5.6 1
1 6.073475 7.2 5.6 1
1 5.454719 8.8 5.6 1
1 5.853458 10.4 5.6 1
1 5.201342 12 5.6 1
1 4.77065 -12 7.2 1
1 5.521074 -10.4 7.2 1
1 5.936806 -8.8 7.2 1
1 5.819888 -7.2 7.2 1
1 5.867161 -5.6 7.2 1
1 6.563804 -4 7.2 1
1 6.570442 -2.4 7.2 1
1 6.297443 -0.8 7.2 1
1 7.211285 0.8 7.2 1
1 5.759862 2.4 7.2 1
1 6.320952 4 7.2 1
1 6.4583 5.6 7.2 1
1 6.306029 7.2 7.2 1
1 5.856138 8.8 7.2 1
1 5.257075 10.4 7.2 1
1 4.978121 12 7.2 1
1 4.625462 -12 8.8 1
1 4.896619 -10.4 8.8 1
1 5.065456 -8.8 8.8 1
1 5.916238 -7.2 8.8 1
1 5.784302 -5.6 8.8 1
1 5.984701 -4 8.8 1
1 6.236889 -2.4 8.8 1
1 6.230087 -0.8 8.8 1
1 5.733266 0.8 8.8 1
1 6.067023 2.4 8.8 1
1 6.211375 4 8.8 1
1 6.179818 5.6 8.8 1
1 5.294475 7.2 8.8 1
1 5.122086 8.8 8.8 1
1 4.292676 10.4 8.8 1
1 4.735204 12 8.8 1
1 4.156641 -12 10.4 1
1 4.741413 -10.4 10.4 1
1 4.762669 -8.8 10.4 1
1 5.273444 -7.2 10.4 1
1 5.725053 -5.6 10.4 1
1 5.619209 -4 10.4 1
1 6.02007 -2.4 10.4 1
1 6.035607 -0.8 10.4 1
1 5.474472 0.8 10.4 1
1 5.885261 2.4 10.4 1
1 5.056254 4 10.4 1
1 5.411173 5.6 10.4 1
1 5.081879 7.2 10.4 1
1 5.122478 8.8 10.4 1
1 4.617028 10.4 10.4 1
1 4.006058 12 10.4 1
1 3.762184 -12 12 1
1 4.201409 -10.4 12 1
1 4.232809 -8.8 12 1
1 4.610933 -7.2 12 1
1 4.717797 -5.6 12 1
1 4.836233 -4 12 1
1 5.218683 -2.4 12 1
1 5.410566 -0.8 12 1
1 5.023161 0.8 12 1
1 5.466781 2.4 12 1
1 5.05303 4 12 1
1 5.106241 5.6 12 1
1 4.816532 7.2 12 1
1 4.392558 8.8 12 1
1 3.669131 10.4 12 1
1 3.402064 12 12 1
1 2.516837 -12 -12 2
1 3.825644 -10.4 -12 2
1 3.713266 -8.8 -12 2
1 4.577877 -7.2 -12 2
1 3.979276 -5.6 -12 2
1 4.91093 -4 -12 2
1 4.945646 -2.4 -12 2
1 4.556675 -0.8 -12 2
1 4.924569 0.8 -12 2
1 4.821962 2.4 -12 2
1 4.503773 4 -12 2
1 4.719993 5.6 -12 2
1 4.023894 7.2 -12 2
1 4.310367 8.8 -12 2
1 3.186197 10.4 -12 2
1 3.480081 12 -12 2
1 3.35413 -12 -10.4 2
1 3.948189 -10.4 -10.4 2
1 4.198662 -8.8 -10.4 2
1 4.507167 -7.2 -10.4 2
1 4.79432 -5.6 -10.4 2
1 5.261381 -4 -10.4 2
1 5.186801 -2.4 -10.4 2
1 5.592885 -0.8 -10.4 2
1 5.281526 0.8 -10.4 2
1 5.222518 2.4 -10.4 2
1 5.018563 4 -10.4 2
1 4.71015 5.6 -10.4 2
1 4.592431 7.2 -10.4 2
1 4.464812 8.8 -10.4 2
1 4.063091 10.4 -10.4 2
1 3.734134 12 -10.4 2
1 4.236618 -12 -8.8 2
1 4.305841 -10.4 -8.8 2
1 4.647008 -8.8 -8.8 2
1 5.347535 -7.2 -8.8 2
1 5.237135 -5.6 -8.8 2
1 5.224847 -4 -8.8 2
1 5.401658 -2.4 -8.8 2
1 5.53399 -0.8 -8.8 2
1 5.339173 0.8 -8.8 2
1 5.979428 2.4 -8.8 2
1 5.32843 4 -8.8 2
1 5.532896 5.6 -8.8 2
1 5.555358 7.2 -8.8 2
1 4.507255 8.8 -8.8 2
1 4.309108 10.4 -8.8 2
1 3.659609 12 -8.8 2
1 4.823585 -12 -7.2 2
1 4.270725 -10.4 -7.2 2
1 5.253961 -8.8 -7.2 2
1 5.545065 -7.2 -7.2 2
1 5.857673 -5.6 -7.2 2
1 6.094511 -4 -7.2 2
1 6.121548 -2.4 -7.2 2
1 6.178934 -0.8 -7.2 2
1 5.803664 0.8 -7.2 2
1 6.081313 2.4 -7.2 2
1 5.744663 4 -7.2 2
1 6.334928 5.6 -7.2 2
1 5.510762 7.2 -7.2 2
1 5.169468 8.8 -7.2 2
1 3.985541 10.4 -7.2 2
1 3.761912 12 -7.2 2
1 4.099082 -12 -5.6 2
1 4.669571 -10.4 -5.6 2
1 5.111149 -8.8 -5.6 2
1 5.785792 -7.2 -5.6 2
1 5.845755 -5.6 -5.6 2
1 6.004723 -4 -5.6 2
1 6.454961 -2.4 -5.6 2
1 5.649723 -0.8 -5.6 2
1 6.158638 0.8 -5.6 2
1 6.373421 2.4 -5.6 2
1 6.348044 4 -5.6 2
1 5.853619 5.6 -5.6 2
1 5.516478 7.2 -5.6 2
1 5.207597 8.8 -5.6 2
1 4.70857 10.4 -5.6 2
1 4.237095 12 -5.6 2
1 4.201999 -12 -4 2
1 4.982785 -10.4 -4 2
1 5.535431 -8.8 -4 2
1 5.699039 -7.2 -4 2
1 5.801036 -5.6 -4 2
1 5.769299 -4 -4 2
1 6.051114 -2.4 -4 2
1 6.508192 -0.8 -4 2
1 5.937909 0.8 -4 2
1 5.988905 2.4 -4 2
1 6.872305 4 -4 2
1 5.590053 5.6 -4 2
1 5.873973 7.2 -4 2
1 5.643026 8.8 -4 2
1 4.912276 10.4 -4 2
1 4.836376 12 -4 2
1 4.877975 -12 -2.4 2
1 5.192271 -10.4 -2.4 2
1 5.333045 -8.8 -2.4 2
1 6.049142 -7.2 -2.4 2
1 6.077375 -5.6 -2.4 2
1 5.926583 -4 -2.4 2
1 5.976442 -2.4 -2.4 2
1 5.813723 -0.8 -2.4 2
1 5.64909 0.8 -2.4 2
1 6.150814 2.4 -2.4 2
1 5.520312 4 -2.4 2
1 6.34219 5.6 -2.4 2
1 5.825556 7.2 -2.4 2
1 5.696517 8.8 -2.4 2
1 5.465846 10.4 -2.4 2
1 4.711505 12 -2.4 2
1 4.768279 -12 -0.8 2
1 4.595613 -10.4 -0.8 2
1 5.393314 -8.8 -0.8 2
1 6.214175 -7.2 -0.8 2
1 5.822975 -5.6 -0.8 2
1 6.049439 -4 -0.8 2
1 5.74489 -2.4 -0.8 2
1 4.902214 -0.8 -0.8 2
1 4.777906 0.8 -0.8 2
1 5.303589 2.4 -0.8 2
1 6.143597 4 -0.8 2
1 5.700119 5.6 -0.8 2
1 5.795579 7.2 -0.8 2
1 5.669726 8.8 -0.8 2
1 5.011844 10.4 -0.8 2
1 4.705323 12 -0.8 2
1 4.961093 -12 0.8 2
1 5.257677 -10.4 0.8 2
1 5.731935 -8.8 0.8 2
1 6.426608 -7.2 0.8 2
1 6.149133 -5.6 0.8 2
1 6.148898 -4 0.8 2
1 5.172904 -2.4 0.8 2
1 4.998402 -0.8 0.8 2
1 4.800716 0.8 0.8 2
1 5.362879 2.4 0.8 2
1 6.328126 4 0.8 2
1 6.171573 5.6 0.8 2
1 6.263217 7.2 0.8 2
1 5.470496 8.8 0.8 2
1 4.652602 10.4 0.8 2
1 4.786782 12 0.8 2
1 4.912418 -12 2.4 2
1 5.815093 -10.4 2.4 2
1 5.84668 -8.8 2.4 2
1 6.233414 -7.2 2.4 2
1 6.003634 -5.6 2.4 2
1 6.236284 -4 2.4 2
1 5.81979 -2.4 2.4 2
1 5.774396 -0.8 2.4 2
1 5.372992 0.8 2.4 2
1 5.842685 2.4 2.4 2
1 5.783154 4 2.4 2
1 6.169014 5.6 2.4 2
1 6.081419 7.2 2.4 2
1 5.639273 8.8 2.4 2
1 5.019268 10.4 2.4 2
1 4.616945 12 2.4 2
1 4.129728 -12 4 2
1 4.97629 -10.4 4 2
1 5.03301 -8.8 4 2
1 5.834474 -7.2 4 2
1 6.517129 -5.6 4 2
1 6.35301 -4 4 2
1 6.518325 -2.4 4 2
1 6.415756 -0.8 4 2
1 5.995045 0.8 4 2
1 6.238945 2.4 4 2
1 5.720042 4 4 2
1 6.302812 5.6 4 2
1 5.658559 7.2 4 2
1 5.712029 8.8 4 2
1 4.564144 10.4 4 2
1 4.827204 12 4 2
1 4.2175 -12 5.6 2
1 5.172814 -10.4 5.6 2
1 5.248318 -8.8 5.6 2
1 5.465363 -7.2 5.6 2
1 6.02965 -5.6 5.6 2
1 6.064805 -4 5.6 2
1 6.001016 -2.4 5.6 2
1 5.953303 -0.8 5.6 2
1 6.779473 0.8 5.6 2
1 5.920159 2.4 5.6 2
1 6.219155 4 5.6 2
1 5.852228 5.6 5.6 2
1 5.370418 7.2 5.6 2
1 4.905605 8.8 5.6 2
1 4.444182 10.4 5.6 2
1 3.991736 12 5.6 2
1 3.719719 -12 7.2 2
1 4.71199 -10.4 7.2 2
1 4.900147 -8.8 7.2 2
1 5.82745 -7.2 7.2 2
1 5.783192 -5.6 7.2 2
1 6.25039 -4 7.2 2
1 6.093984 -2.4 7.2 2
1 6.238253 -0.8 7.2 2
1 6.143698 0.8 7.2 2
1 5.867791 2.4 7.2 2
1 6.069222 4 7.2 2
1 5.622868 5.6 7.2 2
1 5.58611 7.2 7.2 2
1 4.759556 8.8 7.2 2
1 4.791512 10.4 7.2 2
1 4.015784 12 7.2 2
1 3.581895 -12 8.8 2
1 3.736017 -10.4 8.8 2
1 5.013002 -8.8 8.8 2
1 5.089155 -7.2 8.8 2
1 5.23919 -5.6 8.8 2
1 5.651006 -4 8.8 2
1 5.638261 -2.4 8.8 2
1 5.370048 -0.8 8.8 2
1 5.166852 0.8 8.8 2
1 5.572862 2.4 8.8 2
1 5.398705 4 8.8 2
1 4.988594 5.6 8.8 2
1 5.063644 7.2 8.8 2
1 4.529213 8.8 8.8 2
1 4.422968 10.4 8.8 2
1 4.12625 12 8.8 2
1 3.328856 -12 10.4 2
1 3.64084 -10.4 10.4 2
1 4.25242 -8.8 10.4 2
1 4.896751 -7.2 10.4 2
1 4.382652 -5.6 10.4 2
1 4.822582 -4 10.4 2
1 5.000003 -2.4 10.4 2
1 5.346858 -0.8 10.4 2
1 5.848985 0.8 10.4 2
1 5.062963 2.4 10.4 2
1 4.925308 4 10.4 2
1 4.390566 5.6 10.4 2
1 4.280079 7.2 10.4 2
1 4.408765 8.8 10.4 2
1 3.673297 10.4 10.4 2
1 3.363514 12 10.4 2
1 3.063742 -12 12 2
1 3.469557 -10.4 12 2
1 4.208336 -8.8 12 2
1 4.40533 -7.2 12 2
1 4.845395 -5.6 12 2
1 4.076849 -4 12 2
1 4.560937 -2.4 12 2
1 5.006823 -0.8 12 2
1 4.670088 0.8 12 2
1 4.756136 2.4 12 2
1 4.378266 4 12 2
1 3.876021 5.6 12 2
1 3.792028 7.2 12 2
1 4.277747 8.8 12 2
1 3.419736 10.4 12 2
1 3.598997 12 12 2
1 2.621606 -12 -12 3
1 2.873877 -10.4 -12 3
1 3.391436 -8.8 -12 3
1 2.856593 -7.2 -12 3
1 3.337936 -5.6 -12 3
1 3.602995 -4 -12 3
1 3.584938 -2.4 -12 3
1 3.820572 -0.8 -12 3
1 3.363979 0.8 -12 3
1 3.461182 2.4 -12 3
1 3.83401 4 -12 3
1 3.550814 5.6 -12 3
1 3.580124 7.2 -12 3
1 2.901921 8.8 -12 3
1 2.602097 10.4 -12 3
1 2.299489 12 -12 3
1 2.458643 -12 -10.4 3
1 3.09931 -10.4 -10.4 3
1 3.075054 -8.8 -10.4 3
1 3.805213 -7.2 -10.4 3
1 3.910946 -5.6 -10.4 3
1 4.370011 -4 -10.4 3
1 4.643138 -2.4 -10.4 3
1 4.306758 -0.8 -10.4 3
1 4.303383 0.8 -10.4 3
1 4.31952 2.4 -10.4 3
1 4.011679 4 -10.4 3
1 4.356018 5.6 -10.4 3
1 3.665397 7.2 -10.4 3
1 3.58698 8.8 -10.4 3
1 3.131625 10.4 -10.4 3
1 3.052154 12 -10.4 3
1 2.933297 -12 -8.8 3
1 2.700262 -10.4 -8.8 3
1 3.899981 -8.8 -8.8 3
1 3.842767 -7.2 -8.8 3
1 4.535161 -5.6 -8.8 3
1 4.415025 -4 -8.8 3
1 4.806665 -2.4 -8.8 3
1 4.779366 -0.8 -8.8 3
1 4.85642 0.8 -8.8 3
1 4.666586 2.4 -8.8 3
1 4.412547 4 -8.8 3
1 4.459915 5.6 -8.8 3
1 3.797045 7.2 -8.8 3
1 3.676425 8.8 -8.8 3
1 3.294687 10.4 -8.8 3
1 2.825898 12 -8.8 3
1 3.689844 -12 -7.2 3
1 3.213965 -10.4 -7.2 3
1 4.108973 -8.8 -7.2 3
1 4.189672 -7.2 -7.2 3
1 4.49502 -5.6 -7.2 3
1 5.084019 -4 -7.2 3
1 5.8212 -2.4 -7.2 3
1 5.718341 -0.8 -7.2 3
1 5.408628 0.8 -7.2 3
1 5.110969 2.4 -7.2 3
1 5.606086 4 -7.2 3
1 4.77166 5.6 -7.2 3
1 4.269094 7.2 -7.2 3
1 3.761809 8.8 -7.2 3
1 3.535308 10.4 -7.2 3
1 3.671156 12 -7.2 3
1 3.76187 -12 -5.6 3
1 4.094754 -10.4 -5.6 3
1 4.001604 -8.8 -5.6 3
1 4.762398 -7.2 -5.6 3
1 5.457832 -5.6 -5.6 3
1 5.371489 -4 -5.6 3
1 5.44427 -2.4 -5.6 3
1 5.701725 -0.8 -5.6 3
1 5.511381 0.8 -5.6 3
1 5.526099 2.4 -5.6 3
1 6.048686 4 -5.6 3
1 5.322635 5.6 -5.6 3
1 5.142479 7.2 -5.6 3
1 4.42318 8.8 -5.6 3
1 3.841485 10.4 -5.6 3
1 3.654906 12 -5.6 3
1 3.309948 -12 -4 3
1 4.543623 -10.4 -4 3
1 4.603058 -8.8 -4 3
1 4.33987 -7.2 -4 3
1 5.232654 -5.6 -4 3
1 5.585232 -4 -4 3
1 6.299037 -2.4 -4 3
1 5.806411 -0.8 -4 3
1 5.455201 0.8 -4 3
1 5.730015 2.4 -4 3
1 5.463449 4 -4 3
1 5.056423 5.6 -4 3
1 4.928367 7.2 -4 3
1 4.194457 8.8 -4 3
1 4.847308 10.4 -4 3
1 3.750877 12 -4 3
1 3.971738 -12 -2.4 3
1 4.043293 -10.4 -2.4 3
1 5.1542 -8.8 -2.4 3
1 5.404734 -7.2 -2.4 3
1 5.380119 -5.6 -2.4 3
1 5.774798 -4 -2.4 3
1 5.708161 -2.4 -2.4 3
1 6.025207 -0.8 -2.4 3
1 5.66262 0.8 -2.4 3
1 6.079376 2.4 -2.4 3
1 5.98419 4 -2.4 3
1 5.539982 5.6 -2.4 3
1 5.261722 7.2 -2.4 3
1 4.61468 8.8 -2.4 3
1 4.206651 10.4 -2.4 3
1 3.466491 12 -2.4 3
1 3.778598 -12 -0.8 3
1 4.319591 -10.4 -0.8 3
1 4.86334 -8.8 -0.8 3
1 5.987655 -7.2 -0.8 3
1 5.724999 -5.6 -0.8 3
1 5.456707 -4 -0.8 3
1 5.935843 -2.4 -0.8 3
1 5.239201 -0.8 -0.8 3
1 5.663549 0.8 -0.8 3
1 5.716974 2.4 -0.8 3
1 6.22785 4 -0.8 3
1 5.684398 5.6 -0.8 3
1 5.227157 7.2 -0.8 3
1 5.412533 8.8 -0.8 3
1 4.069284 10.4 -0.8 3
1 3.990916 12 -0.8 3
1 3.640615 -12 0.8 3
1 4.709056 -10.4 0.8 3
1 5.0281 -8.8 0.8 3
1 5.255542 -7.2 0.8 3
1 5.594289 -5.6 0.8 3
1 6.048333 -4 0.8 3
1 5.43728 -2.4 0.8 3
1 5.116888 -0.8 0.8 3
1 5.413171 0.8 0.8 3
1 5.8911 2.4 0.8 3
1 5.397407 4 0.8 3
1 5.736769 5.6 0.8 3
1 5.072383 7.2 0.8 3
1 4.757403 8.8 0.8 3
1 4.738922 10.4 0.8 3
1 4.135077 12 0.8 3
1 3.767089 -12 2.4 3
1 4.097857 -10.4 2.4 3
1 4.907865 -8.8 2.4 3
1 5.670033 -7.2 2.4 3
1 5.841313 -5.6 2.4 3
1 5.902018 -4 2.4 3
1 5.826993 -2.4 2.4 3
1 5.968404 -0.8 2.4 3
1 5.932767 0.8 2.4 3
1 6.010387 2.4 2.4 3
1 5.623827 4 2.4 3
1 4.94238 5.6 2.4 3
1 5.13244 7.2 2.4 3
1 5.155083 8.8 2.4 3
1 4.283578 10.4 2.4 3
1 3.655958 12 2.4 3
1 3.172469 -12 4 3
1 4.025234 -10.4 4 3
1 4.456458 -8.8 4 3
1 4.943751 -7.2 4 3
1 5.471655 -5.6 4 3
1 5.630131 -4 4 3
1 6.117364 -2.4 4 3
1 5.435209 -0.8 4 3
1 5.45279 0.8 4 3
1 5.527449 2.4 4 3
1 5.681428 4 4 3
1 5.993349 5.6 4 3
1 5.437893 7.2 4 3
1 4.563903 8.8 4 3
1 3.981641 10.4 4 3
1 3.997336 12 4 3
1 3.567437 -12 5.6 3
1 3.850747 -10.4 5.6 3
1 4.401402 -8.8 5.6 3
1 5.127108 -7.2 5.6 3
1 5.158468 -5.6 5.6 3
1 5.500538 -4 5.6 3
1 5.809878 -2.4 5.6 3
1 5.553169 -0.8 5.6 3
1 5.182072 0.8 5.6 3
1 5.609358 2.4 5.6 3
1 5.755498 4 5.6 3
1 5.141462 5.6 5.6 3
1 4.996286 7.2 5.6 3
1 4.273853 8.8 5.6 3
1 3.726012 10.4 5.6 3
1 3.59971 12 5.6 3
1 3.15789 -12 7.2 3
1 3.891909 -10.4 7.2 3
1 4.339431 -8.8 7.2 3
1 4.389292 -7.2 7.2 3
1 4.855485 -5.6 7.2 3
1 5.325635 -4 7.2 3
1 5.639101 -2.4 7.2 3
1 5.263606 -0.8 7.2 3
1 5.242046 0.8 7.2 3
1 5.195147 2.4 7.2 3
1 5.397947 4 7.2 3
1 4.642038 5.6 7.2 3
1 4.329633 7.2 7.2 3
1 4.037616 8.8 7.2 3
1 3.357222 10.4 7.2 3
1 3.147968 12 7.2 3
1 2.885764 -12 8.8 3
1 3.384742 -10.4 8.8 3
1 3.917855 -8.8 8.8 3
1 4.493532 -7.2 8.8 3
1 4.61364 -5.6 8.8 3
1 4.340681 -4 8.8 3
1 5.206452 -2.4 8.8 3
1 5.119607 -0.8 8.8 3
1 4.934004 0.8 8.8 3
1 5.166296 2.4 8.8 3
1 4.793972 4 8.8 3
1 4.372296 5.6 8.8 3
1 3.955594 7.2 8.8 3
1 3.969333 8.8 8.8 3
1 2.816984 10.4 8.8 3
1 2.946831 12 8.8 3
1 2.416453 -12 10.4 3
1 2.532002 -10.4 10.4 3
1 3.42543 -8.8 10.4 3
1 3.649339 -7.2 10.4 3
1 3.449361 -5.6 10.4 3
1 4.106408 -4 10.4 3
1 4.436309 -2.4 10.4 3
1 4.571534 -0.8 10.4 3
1 4.484408 0.8 10.4 3
1 4.510936 2.4 10.4 3
1 4.224453 4 10.4 3
1 4.047232 5.6 10.4 3
1 3.652965 7.2 10.4 3
1 3.110625 8.8 10.4 3
1 3.100179 10.4 10.4 3
1 2.928868 12 10.4 3
1 2.973515 -12 12 3
1 2.587872 -10.4 12 3
1 2.988491 -8.8 12 3
1 2.722384 -7.2 12 3
1 3.292405 -5.6 12 3
1 4.003519 -4 12 3
1 3.751886 -2.4 12 3
1 4.026914 -0.8 12 3
1 4.051555 0.8 12 3
1 3.578064 2.4 12 3
1 3.685192 4 12 3
1 3.548567 5.6 12 3
1 3.17621 7.2 12 3
1 3.036991 8.8 12 3
1 2.534735 10.4 12 3
1 2.116467 12 12 3
1 1.907118 -12 -12 4
1 2.370889 -10.4 -12 4
1 2.315192 -8.8 -12 4
1 2.48869 -7.2 -12 4
1 2.644457 -5.6 -12 4
1 3.245952 -4 -12 4
1 3.291752 -2.4 -12 4
1 3.432593 -0.8 -12 4
1 3.237273 0.8 -12 4
1 3.085238 2.4 -12 4
1 3.017356 4 -12 4
1 2.783908 5.6 -12 4
1 2.205986 7.2 -12 4
1 2.80773 8.8 -12 4
1 1.736042 10.4 -12 4
1 2.013322 12 -12 4
1 1.713429 -12 -10.4 4
1 2.091219 -10.4 -10.4 4
1 2.432055 -8.8 -10.4 4
1 2.59303 -7.2 -10.4 4
1 3.130506 -5.6 -10.4 4
1 3.146761 -4 -10.4 4
1 3.549143 -2.4 -10.4 4
1 4.092958 -0.8 -10.4 4
1 3.773003 0.8 -10.4 4
1 3.08703 2.4 -10.4 4
1 3.478498 4 -10.4 4
1 3.166699 5.6 -10.4 4
1 3.378052 7.2 -10.4 4
1 2.73557 8.8 -10.4 4
1 2.250065 10.4 -10.4 4
1 1.706792 12 -10.4 4
1 2.281482 -12 -8.8 4
1 2.906775 -10.4 -8.8 4
1 2.730248 -8.8 -8.8 4
1 3.095432 -7.2 -8.8 4
1 3.834736 -5.6 -8.8 4
1 4.067618 -4 -8.8 4
1 3.94469 -2.4 -8.8 4
1 3.988308 -0.8 -8.8 4
1 4.042228 0.8 -8.8 4
1 4.293631 2.4 -8.8 4
1 3.853081 4 -8.8 4
1 3.653269 5.6 -8.8 4
1 3.694606 7.2 -8.8 4
1 3.171098 8.8 -8.8 4
1 2.913544 10.4 -8.8 4
1 2.699884 12 -8.8 4
1 2.427821 -12 -7.2 4
1 2.866898 -10.4 -7.2 4
1 3.328556 -8.8 -7.2 4
1 3.783689 -7.2 -7.2 4
1 3.891683 -5.6 -7.2 4
1 4.36084 -4 -7.2 4
1 4.331004 -2.4 -7.2 4
1 4.702142 -0.8 -7.2 4
1 4.37697 0.8 -7.2 4
1 4.450074 2.4 -7.2 4
1 4.651994 4 -7.2 4
1 3.93102 5.6 -7.2 4
1 3.495181 7.2 -7.2 4
1 3.433108 8.8 -7.2 4
1 2.143669 10.4 -7.2 4
1 2.531512 12 -7.2 4
1 2.769763 -12 -5.6 4
1 3.734135 -10.4 -5.6 4
1 3.448385 -8.8 -5.6 4
1 3.816521 -7.2 -5.6 4
1 4.976254 -5.6 -5.6 4
1 4.813297 -4 -5.6 4
1 4.940033 -2.4 -5.6 4
1 5.180235 -0.8 -5.6 4
1 4.94037 0.8 -5.6 4
1 4.638741 2.4 -5.6 4
1 4.914224 4 -5.6 4
1 4.427148 5.6 -5.6 4
1 3.992347 7.2 -5.6 4
1 3.259673 8.8 -5.6 4
1 2.949124 10.4 -5.6 4
1 2.838668 12 -5.6 4
1 2.654537 -12 -4 4
1 3.483953 -10.4 -4 4
1 4.148964 -8.8 -4 4
1 4.540925 -7.2 -4 4
1 4.389299 -5.6 -4 4
1 5.083955 -4 -4 4
1 5.269061 -2.4 -4 4
1 5.588774 -0.8 -4 4
1 5.458338 0.8 -4 4
1 4.939474 2.4 -4 4
1 4.967626 4 -4 4
1 5.003283 5.6 -4 4
1 4.537788 7.2 -4 4
1 4.296074 8.8 -4 4
1 3.113886 10.4 -4 4
1 2.724758 12 -4 4
1 2.92317 -12 -2.4 4
1 3.758766 -10.4 -2.4 4
1 4.042612 -8.8 -2.4 4
1 4.878898 -7.2 -2.4 4
1 5.081512 -5.6 -2.4 4
1 5.302195 -4 -2.4 4
1 5.896548 -2.4 -2.4 4
1 5.599828 -0.8 -2.4 4
1 5.643197 0.8 -2.4 4
1 5.446132 2.4 -2.4 4
1 5.225321 4 -2.4 4
1 4.761241 5.6 -2.4 4
1 4.187705 7.2 -2.4 4
1 3.961364 8.8 -2.4 4
1 3.516757 10.4 -2.4 4
1 3.473659 12 -2.4 4
1 3.376093 -12 -0.8 4
1 3.499527 -10.4 -0.8 4
1 4.343635 -8.8 -0.8 4
1 4.342435 -7.2 -0.8 4
1 5.082167 -5.6 -0.8 4
1 5.480474 -4 -0.8 4
1 5.045882 -2.4 -0.8 4
1 5.628006 -0.8 -0.8 4
1 5.157879 0.8 -0.8 4
1 5.017615 2.4 -0.8 4
1 5.051859 4 -0.8 4
1 4.559527 5.6 -0.8 4
1 4.510761 7.2 -0.8 4
1 4.316637 8.8 -0.8 4
1 3.448215 10.4 -0.8 4
1 2.774786 12 -0.8 4
1 2.998094 -12 0.8 4
1 3.590148 -10.4 0.8 4
1 4.171826 -8.8 0.8 4
1 4.725662 -7.2 0.8 4
1 4.990961 -5.6 0.8 4
1 5.343426 -4 0.8 4
1 5.750991 -2.4 0.8 4
1 5.725017 -0.8 0.8 4
1 5.122864 0.8 0.8 4
1 5.593032 2.4 0.8 4
1 5.367178 4 0.8 4
1 5.382453 5.6 0.8 4
1 4.846327 7.2 0.8 4
1 4.37924 8.8 0.8 4
1 3.513537 10.4 0.8 4
1 3.342675 12 0.8 4
1 3.194037 -12 2.4 4
1 3.192575 -10.4 2.4 4
1 3.784055 -8.8 2.4 4
1 4.851564 -7.2 2.4 4
1 4.826236 -5.6 2.4 4
1 5.595506 -4 2.4 4
1 5.603864 -2.4 2.4 4
1 5.202481 -0.8 2.4 4
1 5.335482 0.8 2.4 4
1 5.114783 2.4 2.4 4
1 5.31414 4 2.4 4
1 4.056603 5.6 2.4 4
1 4.811012 7.2 2.4 4
1 4.089797 8.8 2.4 4
1 3.71362 10.4 2.4 4
1 2.961167 12 2.4 4
1 3.251152 -12 4 4
1 3.406471 -10.4 4 4
1 3.593028 -8.8 4 4
1 4.28453 -7.2 4 4
1 4.946671 -5.6 4 4
1 4.69069 -4 4 4
1 5.248713 -2.4 4 4
1 5.163498 -0.8 4 4
1 4.976174 0.8 4 4
1 5.790632 2.4 4 4
1 5.094052 4 4 4
1 4.85001 5.6 4 4
1 4.335454 7.2 4 4
1 3.443113 8.8 4 4
1 3.377329 10.4 4 4
1 3.229369 12 4 4
1 3.061923 -12 5.6 4
1 3.018758 -10.4 5.6 4
1 3.967561 -8.8 5.6 4
1 4.391858 -7.2 5.6 4
1 4.60854 -5.6 5.6 4
1 5.137898 -4 5.6 4
1 5.195242 -2.4 5.6 4
1 5.184005 -0.8 5.6 4
1 4.565982 0.8 5.6 4
1 5.113577 2.4 5.6 4
1 4.740569 4 5.6 4
1 4.195521 5.6 5.6 4
1 3.97953 7.2 5.6 4
1 3.339551 8.8 5.6 4
1 3.452179 10.4 5.6 4
1 2.675114 12 5.6 4
1 2.172526 -12 7.2 4
1 2.927835 -10.4 7.2 4
1 2.963902 -8.8 7.2 4
1 3.336415 -7.2 7.2 4
1 3.565705 -5.6 7.2 4
1 4.134595 -4 7.2 4
1 4.389823 -2.4 7.2 4
1 4.870624 -0.8 7.2 4
1 4.464423 0.8 7.2 4
1 4.798125 2.4 7.2 4
1 3.970798 4 7.2 4
1 3.785637 5.6 7.2 4
1 3.400913 7.2 7.2 4
1 2.923976 8.8 7.2 4
1 2.745262 10.4 7.2 4
1 2.477169 12 7.2 4
1 2.089692 -12 8.8 4
1 2.610108 -10.4 8.8 4
1 3.200596 -8.8 8.8 4
1 3.525132 -7.2 8.8 4
1 3.161429 -5.6 8.8 4
1 3.911775 -4 8.8 4
1 3.729826 -2.4 8.8 4
1 4.066363 -0.8 8.8 4
1 4.118975 0.8 8.8 4
1 3.85038 2.4 8.8 4
1 3.634504 4 8.8 4
1 3.619074 5.6 8.8 4
1 3.303093 7.2 8.8 4
1 2.522168 8.8 8.8 4
1 2.375386 10.4 8.8 4
1 2.594448 12 8.8 4
1 1.874914 -12 10.4 4
1 2.453504 -10.4 10.4 4
1 2.560547 -8.8 10.4 4
1 2.720413 -7.2 10.4 4
1 3.168703 -5.6 10.4 4
1 3.401106 -4 10.4 4
1 3.711314 -2.4 10.4 4
1 3.535554 -0.8 10.4 4
1 3.375497 0.8 10.4 4
1 3.185758 2.4 10.4 4
1 2.722904 4 10.4 4
1 3.282093 5.6 10.4 4
1 2.898311 7.2 10.4 4
1 2.871016 8.8 10.4 4
1 2.188079 10.4 10.4 4
1 2.1844 12 10.4 4
1 1.896675 -12 12 4
1 1.720659 -10.4 12 4
1 2.269042 -8.8 12 4
1 2.90273 -7.2 12 4
1 2.469767 -5.6 12 4
1 2.90745 -4 12 4
1 3.181106 -2.4 12 4
1 3.023213 -0.8 12 4
1 3.26791 0.8 12 4
1 3.152022 2.4 12 4
1 2.683655 4 12 4
1 2.751776 5.6 12 4
1 2.43491 7.2 12 4
1 2.386455 8.8 12 4
1 1.745804 10.4 12 4
1 1.74829 12 12 4
1 1.213032 -12 -12 5
1 1.470931 -10.4 -12 5
1 1.635499 -8.8 -12 5
1 1.518837 -7.2 -12 5
1 1.717282 -5.6 -12 5
1 1.968479 -4 -12 5
1 1.895189 -2.4 -12 5
1 2.768858 -0.8 -12 5
1 2.289995 0.8 -12 5
1 2.11539 2.4 -12 5
1 2.059872 4 -12 5
1 1.862385 5.6 -12 5
1 1.761248 7.2 -12 5
1 1.542449 8.8 -12 5
1 1.235137 10.4 -12 5
1 1.107552 12 -12 5
1 1.210063 -12 -10.4 5
1 1.423809 -10.4 -10.4 5
1 2.016434 -8.8 -10.4 5
1 1.975782 -7.2 -10.4 5
1 2.697957 -5.6 -10.4 5
1 2.549171 -4 -10.4 5
1 2.873423 -2.4 -10.4 5
1 2.60665 -0.8 -10.4 5
1 2.165283 0.8 -10.4 5
1 2.657924 2.4 -10.4 5
1 2.800702 4 -10.4 5
1 2.31157 5.6 -10.4 5
1 1.997884 7.2 -10.4 5
1 1.934515 8.8 -10.4 5
1 1.630467 10.4 -10.4 5
1 1.15224 12 -10.4 5
1 2.005104 -12 -8.8 5
1 1.813229 -10.4 -8.8 5
1 1.781835 -8.8 -8.8 5
1 2.119155 -7.2 -8.8 5
1 2.858398 -5.6 -8.8 5
1 3.307245 -4 -8.8 5
1 3.411555 -2.4 -8.8 5
1 3.217788 -0.8 -8.8 5
1 3.455712 0.8 -8.8 5
1 3.326862 2.4 -8.8 5
1 2.980666 4 -8.8 5
1 2.734216 5.6 -8.8 5
1 2.841265 7.2 -8.8 5
1 1.560259 8.8 -8.8 5
1 1.911328 10.4 -8.8 5
1 1.489996 12 -8.8 5
1 1.347321 -12 -7.2 5
1 1.935352 -10.4 -7.2 5
1 2.418135 -8.8 -7.2 5
1 2.686175 -7.2 -7.2 5
1 3.375897 -5.6 -7.2 5
1 3.585423 -4 -7.2 5
1 3.345875 -2.4 -7.2 5
1 3.87086 -0.8 -7.2 5
1 3.930508 0.8 -7.2 5
1 3.325479 2.4 -7.2 5
1 3.351799 4 -7.2 5
1 3.543416 5.6 -7.2 5
1 2.926495 7.2 -7.2 5
1 2.680564 8.8 -7.2 5
1 2.547868 10.4 -7.2 5
1 1.815541 12 -7.2 5
1 2.027182 -12 -5.6 5
1 2.600431 -10.4 -5.6 5
1 2.728358 -8.8 -5.6 5
1 3.225953 -7.2 -5.6 5
1 3.383089 -5.6 -5.6 5
1 3.646782 -4 -5.6 5
1 4.090813 -2.4 -5.6 5
1 4.09535 -0.8 -5.6 5
1 4.432775 0.8 -5.6 5
1 3.940585 2.4 -5.6 5
1 3.657411 4 -5.6 5
1 3.290951 5.6 -5.6 5
1 3.412034 7.2 -5.6 5
1 2.63006 8.8 -5.6 5
1 2.182101 10.4 -5.6 5
1 1.929434 12 -5.6 5
1 1.98814 -12 -4 5
1 2.935421 -10.4 -4 5
1 3.13043 -8.8 -4 5
1 3.231703 -7.2 -4 5
1 3.927942 -5.6 -4 5
1 4.300467 -4 -4 5
1 4.801859 -2.4 -4 5
1 4.593067 -0.8 -4 5
1 4.876742 0.8 -4 5
1 4.814338 2.4 -4 5
1 4.730125 4 -4 5
1 3.843394 5.6 -4 5
1 3.431408 7.2 -4 5
1 3.267317 8.8 -4 5
1 2.589106 10.4 -4 5
1 2.162764 12 -4 5
1 2.559743 -12 -2.4 5
1 2.875665 -10.4 -2.4 5
1 3.134277 -8.8 -2.4 5
1 3.215061 -7.2 -2.4 5
1 4.077384 -5.6 -2.4 5
1 4.803025 -4 -2.4 5
1 4.695071 -2.4 -2.4 5
1 4.391959 -0.8 -2.4 5
1 5.03765 0.8 -2.4 5
1 4.667323 2.4 -2.4 5
1 4.492738 4 -2.4 5
1 4.073951 5.6 -2.4 5
1 3.327193 7.2 -2.4 5
1 3.086002 8.8 -2.4 5
1 2.523704 10.4 -2.4 5
1 2.160639 12 -2.4 5
1 2.133979 -12 -0.8 5
1 2.616389 -10.4 -0.8 5
1 3.078723 -8.8 -0.8 5
1 4.189894 -7.2 -0.8 5
1 4.385497 -5.6 -0.8 5
1 4.746524 -4 -0.8 5
1 5.398463 -2.4 -0.8 5
1 4.836117 -0.8 -0.8 5
1 5.202667 0.8 -0.8 5
1 4.715884 2.4 -0.8 5
1 4.550087 4 -0.8 5
1 4.363904 5.6 -0.8 5
1 3.595492 7.2 -0.8 5
1 3.099967 8.8 -0.8 5
1 3.094248 10.4 -0.8 5
1 2.670754 12 -0.8 5
1 2.089481 -12 0.8 5
1 2.716444 -10.4 0.8 5
1 3.468569 -8.8 0.8 5
1 3.268893 -7.2 0.8 5
1 4.126719 -5.6 0.8 5
1 4.904614 -4 0.8 5
1 5.064769 -2.4 0.8 5
1 4.983849 -0.8 0.8 5
1 4.80822 0.8 0.8 5
1 5.171422 2.4 0.8 5
1 5.035508 4 0.8 5
1 3.688246 5.6 0.8 5
1 3.634129 7.2 0.8 5
1 3.705796 8.8 0.8 5
1 2.847258 10.4 0.8 5
1 2.221675 12 0.8 5
1 1.923506 -12 2.4 5
1 2.561558 -10.4 2.4 5
1 3.319846 -8.8 2.4 5
1 3.672973 -7.2 2.4 5
1 3.988793 -5.6 2.4 5
1 4.290466 -4 2.4 5
1 4.79594 -2.4 2.4 5
1 4.668057 -0.8 2.4 5
1 5.63769 0.8 2.4 5
1 5.215983 2.4 2.4 5
1 4.69022 4 2.4 5
1 4.13158 5.6 2.4 5
1 3.506948 7.2 2.4 5
1 3.591456 8.8 2.4 5
1 2.331171 10.4 2.4 5
1 2.456097 12 2.4 5
1 2.166948 -12 4 5
1 2.733297 -10.4 4 5
1 3.311787 -8.8 4 5
1 3.410362 -7.2 4 5
1 3.902985 -5.6 4 5
1 3.539549 -4 4 5
1 4.481115 -2.4 4 5
1 4.878503 -0.8 4 5
1 5.217727 0.8 4 5
1 4.234091 2.4 4 5
1 4.293865 4 4 5
1 3.858081 5.6 4 5
1 3.758399 7.2 4 5
1 2.897367 8.8 4 5
1 2.516378 10.4 4 5
1 1.868062 12 4 5
1 1.955847 -12 5.6 5
1 2.040755 -10.4 5.6 5
1 2.686748 -8.8 5.6 5
1 2.979718 -7.2 5.6 5
1 3.475331 -5.6 5.6 5
1 3.68147 -4 5.6 5
1 4.518222 -2.4 5.6 5
1 4.093135 -0.8 5.6 5
1 4.227188 0.8 5.6 5
1 4.003211 2.4 5.6 5
1 4.031103 4 5.6 5
1 3.833196 5.6 5.6 5
1 3.040701 7.2 5.6 5
1 2.469685 8.8 5.6 5
1 2.432851 10.4 5.6 5
1 2.093129 12 5.6 5
1 1.693 -12 7.2 5
1 2.27925 -10.4 7.2 5
1 2.503904 -8.8 7.2 5
1 2.479597 -7.2 7.2 5
1 3.282547 -5.6 7.2 5
1 3.114544 -4 7.2 5
1 3.954178 -2.4 7.2 5
1 3.829037 -0.8 7.2 5
1 4.144799 0.8 7.2 5
1 3.599627 2.4 7.2 5
1 3.023608 4 7.2 5
1 2.782237 5.6 7.2 5
1 3.122193 7.2 7.2 5
1 2.301283 8.8 7.2 5
1 1.86383 10.4 7.2 5
1 1.859389 12 7.2 5
1 1.526553 -12 8.8 5
1 1.602448 -10.4 8.8 5
1 1.528631 -8.8 8.8 5
1 2.340319 -7.2 8.8 5
1 2.814619 -5.6 8.8 5
1 2.871686 -4 8.8 5
1 3.093378 -2.4 8.8 5
1 3.107482 -0.8 8.8 5
1 3.279354 0.8 8.8 5
1 3.305212 2.4 8.8 5
1 3.29058 4 8.8 5
1 2.332733 5.6 8.8 5
1 2.507622 7.2 8.8 5
1 2.098145 8.8 8.8 5
1 2.132722 10.4 8.8 5
1 2.146539 12 8.8 5
1 1.391248 -12 10.4 5
1 1.734257 -10.4 10.4 5
1 2.133581 -8.8 10.4 5
1 2.489238 -7.2 10.4 5
1 2.630319 -5.6 10.4 5
1 2.002934 -4 10.4 5
1 2.364863 -2.4 10.4 5
1 2.649995 -0.8 10.4 5
1 3.200798 0.8 10.4 5
1 2.68948 2.4 10.4 5
1 2.540741 4 10.4 5
1 2.355123 5.6 10.4 5
1 2.257056 7.2 10.4 5
1 2.188207 8.8 10.4 5
1 1.878879 10.4 10.4 5
1 0.8027537 12 10.4 5
1 0.6744577 -12 12 5
1 1.372101 -10.4 12 5
1 1.77986 -8.8 12 5
1 1.388603 -7.2 12 5
1 2.137502 -5.6 12 5
1 1.847316 -4 12 5
1 2.280699 -2.4 12 5
1 2.271778 -0.8 12 5
1 1.978311 0.8 12 5
1 2.65207 2.4 12 5
1 2.288382 4 12 5
1 2.676226 5.6 12 5
1 1.963278 7.2 12 5
1 1.508459 8.8 12 5
1 1.360591 10.4 12 5
1 1.063641 12 12 5
1 0.2289435 -12 -12 6
1 0.118074 -10.4 -12 6
1 0.779729 -8.8 -12 6
1 1.286252 -7.2 -12 6
1 1.111858 -5.6 -12 6
1 1.03466 -4 -12 6
1 1.384019 -2.4 -12 6
1 1.272336 -0.8 -12 6
1 1.371276 0.8 -12 6
1 1.315059 2.4 -12 6
1 1.070809 4 -12 6
1 1.27501 5.6 -12 6
1 0.9805396 7.2 -12 6
1 0.3901901 8.8 -12 6
1 0.8173038 10.4 -12 6
1 1.042796 12 -12 6
1 0.7365727 -12 -10.4 6
1 1.299369 -10.4 -10.4 6
1 1.07533 -8.8 -10.4 6
1 1.249657 -7.2 -10.4 6
1 1.207645 -5.6 -10.4 6
1 0.8851625 -4 -10.4 6
1 1.212215 -2.4 -10.4 6
1 1.507715 -0.8 -10.4 6
1 1.27765 0.8 -10.4 6
1 1.106826 2.4 -10.4 6
1 1.387108 4 -10.4 6
1 1.116333 5.6 -10.4 6
1 1.717702 7.2 -10.4 6
1 0.982644 8.8 -10.4 6
1 0.9144658 10.4 -10.4 6
1 0.7833953 12 -10.4 6
1 0.7921431 -12 -8.8 6
1 1.118921 -10.4 -8.8 6
1 1.282013 -8.8 -8.8 6
1 1.545364 -7.2 -8.8 6
1 1.80101 -5.6 -8.8 6
1 1.991899 -4 -8.8 6
1 1.881103 -2.4 -8.8 6
1 1.624544 -0.8 -8.8 6
1 1.276949 0.8 -8.8 6
1 1.754289 2.4 -8.8 6
1 1.351671 4 -8.8 6
1 1.473213 5.6 -8.8 6
1 1.29202 7.2 -8.8 6
1 1.222252 8.8 -8.8 6
1 1.373227 10.4 -8.8 6
1 1.204067 12 -8.8 6
1 1.12992 -12 -7.2 6
1 1.171446 -10.4 -7.2 6
1 1.458236 -8.8 -7.2 6
1 1.597174 -7.2 -7.2 6
1 1.468269 -5.6 -7.2 6
1 2.58869 -4 -7.2 6
1 2.580443 -2.4 -7.2 6
1 2.677971 -0.8 -7.2 6
1 2.257973 0.8 -7.2 6
1 2.428342 2.4 -7.2 6
1 2.224457 4 -7.2 6
1 1.474821 5.6 -7.2 6
1 1.567135 7.2 -7.2 6
1 1.447086 8.8 -7.2 6
1 1.214142 10.4 -7.2 6
1 0.7433766 12 -7.2 6
1 1.485374 -12 -5.6 6
1 1.729692 -10.4 -5.6 6
1 1.726804 -8.8 -5.6 6
1 1.706097 -7.2 -5.6 6
1 1.955258 -5.6 -5.6 6
1 2.167562 -4 -5.6 6
1 2.570761 -2.4 -5.6 6
1 2.411553 -0.8 -5.6 6
1 2.995498 0.8 -5.6 6
1 2.36854 2.4 -5.6 6
1 2.192873 4 -5.6 6
1 2.359932 5.6 -5.6 6
1 1.968552 7.2 -5.6 6
1 1.837308 8.8 -5.6 6
1 1.391236 10.4 -5.6 6
1 0.9979487 12 -5.6 6
1 1.223381 -12 -4 6
1 1.018703 -10.4 -4 6
1 1.758427 -8.8 -4 6
1 2.14867 -7.2 -4 6
1 2.687675 -5.6 -4 6
1 2.859482 -4 -4 6
1 3.209955 -2.4 -4 6
1 3.03706 -0.8 -4 6
1 3.508071 0.8 -4 6
1 2.709702 2.4 -4 6
1 2.922178 4 -4 6
1 2.594424 5.6 -4 6
1 2.458096 7.2 -4 6
1 1.96234 8.8 -4 6
1 1.655275 10.4 -4 6
1 0.6638318 12 -4 6
1 1.586891 -12 -2.4 6
1 1.390196 -10.4 -2.4 6
1 2.528428 -8.8 -2.4 6
1 2.11534 -7.2 -2.4 6
1 2.439707 -5.6 -2.4 6
1 3.364401 -4 -2.4 6
1 3.578753 -2.4 -2.4 6
1 4.146503 -0.8 -2.4 6
1 3.712291 0.8 -2.4 6
1 3.346098 2.4 -2.4 6
1 3.376182 4 -2.4 6
1 2.671922 5.6 -2.4 6
1 2.553493 7.2 -2.4 6
1 2.027359 8.8 -2.4 6
1 1.442156 10.4 -2.4 6
1 1.230298 12 -2.4 6
1 1.317345 -12 -0.8 6
1 1.260491 -10.4 -0.8 6
1 1.795498 -8.8 -0.8 6
1 2.458768 -7.2 -0.8 6
1 3.334222 -5.6 -0.8 6
1 3.572553 -4 -0.8 6
1 3.953582 -2.4 -0.8 6
1 4.396247 -0.8 -0.8 6
1 4.279199 0.8 -0.8 6
1 3.668549 2.4 -0.8 6
1 3.674825 4 -0.8 6
1 2.599483 5.6 -0.8 6
1 2.140657 7.2 -0.8 6
1 2.018612 8.8 -0.8 6
1 1.975612 10.4 -0.8 6
1 1.082093 12 -0.8 6
1 1.488006 -12 0.8 6
1 1.507415 -10.4 0.8 6
1 2.061768 -8.8 0.8 6
1 2.02545 -7.2 0.8 6
1 2.605624 -5.6 0.8 6
1 3.844026 -4 0.8 6
1 3.837658 -2.4 0.8 6
1 4.181585 -0.8 0.8 6
1 3.521518 0.8 0.8 6
1 4.13661 2.4 0.8 6
1 3.337449 4 0.8 6
1 2.984765 5.6 0.8 6
1 2.474853 7.2 0.8 6
1 2.03821 8.8 0.8 6
1 1.452221 10.4 0.8 6
1 1.696439 12 0.8 6
1 1.220258 -12 2.4 6
1 1.45677 -10.4 2.4 6
1 2.272104 -8.8 2.4 6
1 2.190523 -7.2 2.4 6
1 2.397794 -5.6 2.4 6
1 2.663843 -4 2.4 6
1 3.556374 -2.4 2.4 6
1 3.682936 -0.8 2.4 6
1 3.777562 0.8 2.4 6
1 3.600594 2.4 2.4 6
1 3.727745 4 2.4 6
1 2.895762 5.6 2.4 6
1 2.234444 7.2 2.4 6
1 2.185067 8.8 2.4 6
1 1.42222 10.4 2.4 6
1 1.316816 12 2.4 6
1 1.404026 -12 4 6
1 1.375981 -10.4 4 6
1 1.255535 -8.8 4 6
1 1.978092 -7.2 4 6
1 2.958337 -5.6 4 6
1 2.817907 -4 4 6
1 3.470178 -2.4 4 6
1 3.481559 -0.8 4 6
1 3.38835 0.8 4 6
1 2.529542 2.4 4 6
1 3.050213 4 4 6
1 2.341261 5.6 4 6
1 2.008762 7.2 4 6
1 1.597605 8.8 4 6
1 1.85224 10.4 4 6
1 0.81429 12 4 6
1 0.3417675 -12 5.6 6
1 1.402433 -10.4 5.6 6
1 1.74496 -8.8 5.6 6
1 1.819958 -7.2 5.6 6
1 2.132317 -5.6 5.6 6
1 2.899961 -4 5.6 6
1 2.193242 -2.4 5.6 6
1 2.601666 -0.8 5.6 6
1 3.055888 0.8 5.6 6
1 2.831063 2.4 5.6 6
1 2.816514 4 5.6 6
1 1.988767 5.6 5.6 6
1 1.465991 7.2 5.6 6
1 1.786041 8.8 5.6 6
1 1.717327 10.4 5.6 6
1 1.000584 12 5.6 6
1 1.371729 -12 7.2 6
1 1.507963 -10.4 7.2 6
1 1.478255 -8.8 7.2 6
1 1.716618 -7.2 7.2 6
1 1.550236 -5.6 7.2 6
1 2.660467 -4 7.2 6
1 2.366769 -2.4 7.2 6
1 2.349612 -0.8 7.2 6
1 2.200785 0.8 7.2 6
1 1.589379 2.4 7.2 6
1 2.020695 4 7.2 6
1 1.607751 5.6 7.2 6
1 1.622828 7.2 7.2 6
1 1.738605 8.8 7.2 6
1 1.354479 10.4 7.2 6
1 0.4421758 12 7.2 6
1 0.8128286 -12 8.8 6
1 0.6968983 -10.4 8.8 6
1 0.7169952 -8.8 8.8 6
1 1.062716 -7.2 8.8 6
1 1.204368 -5.6 8.8 6
1 1.480539 -4 8.8 6
1 2.203746 -2.4 8.8 6
1 1.496397 -0.8 8.8 6
1 2.03295 0.8 8.8 6
1 1.877138 2.4 8.8 6
1 1.697834 4 8.8 6
1 1.549243 5.6 8.8 6
1 1.261174 7.2 8.8 6
1 1.122774 8.8 8.8 6
1 1.37031 10.4 8.8 6
1 1.168358 12 8.8 6
1 0.7715031 -12 10.4 6
1 0.6923111 -10.4 10.4 6
1 1.257716 -8.8 10.4 6
1 0.7576358 -7.2 10.4 6
1 1.251081 -5.6 10.4 6
1 1.450128 -4 10.4 6
1 1.684807 -2.4 10.4 6
1 1.458304 -0.8 10.4 6
1 2.147398 0.8 10.4 6
1 1.277072 2.4 10.4 6
1 1.140175 4 10.4 6
1 1.857752 5.6 10.4 6
1 1.253656 7.2 10.4 6
1 0.8437638 8.8 10.4 6
1 0.5683737 10.4 10.4 6
1 0.7805773 12 10.4 6
1 0.6086287 -12 12 6
1 0.3258513 -10.4 12 6
1 0.752731 -8.8 12 6
1 1.044682 -7.2 12 6
1 1.128224 -5.6 12 6
1 0.8157866 -4 12 6
1 1.679613 -2.4 12 6
1 0.9561807 -0.8 12 6
1 1.273678 0.8 12 6
1 1.457821 2.4 12 6
1 1.133049 4 12 6
1 1.382255 5.6 12 6
1 1.578834 7.2 12 6
1 1.058676 8.8 12 6
1 0.9078914 10.4 12 6
1 0.2929018 12 12 6
